40 21
762 871
ROTATIONAL
110
4 6
4 7
4 8
5 6
5 7
5 8
6 6
6 7
6 8
7 6
7 7
7 8
8 6
8 7
8 8
9 6
9 7
9 8
10 6
10 7
10 8
11 6
11 7
11 8
12 6
12 7
12 8
13 6
13 7
13 8
14 6
14 7
14 8
15 6
15 7
15 8
16 6
16 7
16 8
17 4
17 5
17 6
17 7
17 8
17 9
17 10
18 5
18 6
18 7
18 8
18 9
19 6
19 7
19 8
19 13
20 7
20 12
20 13
20 14
21 11
21 12
21 13
21 14
21 15
22 10
22 11
22 12
22 13
22 14
22 15
22 16
23 12
23 13
23 14
24 12
24 13
24 14
25 12
25 13
25 14
26 12
26 13
26 14
27 12
27 13
27 14
28 12
28 13
28 14
29 12
29 13
29 14
30 12
30 13
30 14
31 12
31 13
31 14
32 12
32 13
32 14
33 12
33 13
33 14
34 12
34 13
34 14
35 12
35 13
35 14
0
38
0 16
1 18
2 13
3 17
4 10
4 12
4 15
5 13
6 12
6 17
6 20
9 10
9 15
9 19
11 14
11 18
13 16
13 17
14 15
25 5
26 3
26 4
28 2
28 6
30 1
30 5
30 10
33 0
33 3
33 8
34 7
35 5
35 8
35 10
36 3
37 7
38 2
39 4
32
0 12
0 13
0 20
2 11
2 15
2 19
5 18
6 14
7 10
7 13
7 18
9 13
10 12
10 16
12 19
14 20
25 0
27 1
29 4
29 8
30 7
32 2
32 7
32 10
33 6
34 2
37 1
37 5
37 9
39 0
39 7
39 8
24
1 14
2 20
4 20
5 16
7 15
8 16
8 19
11 11
11 17
12 14
13 11
13 12
26 8
26 9
27 6
28 3
28 9
31 1
31 4
32 5
34 4
35 0
37 0
38 6
2
4 17 100
35 3 100
44
4 16 4
35 4 4
3 16 4
36 4 4
5 17 4
34 3 4
4 18 4
35 2 4
3 18 4
36 2 4
5 16 4
34 4 4
5 15 4
34 5 4
6 16 4
33 4 4
6 15 3
33 5 3
7 16 3
32 4 3
7 17 3
32 3 3
6 18 3
33 2 3
6 19 3
33 1 3
5 19 3
34 1 3
4 19 3
35 1 3
3 19 3
36 1 3
2 18 3
37 2 3
2 17 3
37 3 3
2 16 3
37 4 3
3 15 3
36 5 3
4 15 3
35 5 3
2 15 3
37 5 3
5 2
34 18