31 31
925 758
ROTATIONAL
89
6 6
6 7
6 8
6 9
6 10
6 11
6 12
6 13
6 14
6 15
6 16
6 17
6 18
6 19
6 20
6 21
6 22
6 23
6 24
7 6
7 15
7 24
8 6
8 15
8 24
9 6
9 15
9 24
10 6
10 15
10 24
11 6
11 15
11 24
12 6
12 15
12 24
13 6
13 15
13 24
14 6
14 15
14 24
15 6
15 15
15 24
16 6
16 15
16 24
17 6
17 15
17 24
18 6
18 15
18 24
19 6
19 15
19 24
20 6
20 15
20 24
21 6
21 15
21 24
22 6
22 15
22 24
23 6
23 15
23 24
24 6
24 7
24 8
24 9
24 10
24 11
24 12
24 13
24 14
24 15
24 16
24 17
24 18
24 19
24 20
24 21
24 22
24 23
24 24
0
112
0 29
0 30
1 29
1 30
2 9
2 10
3 9
3 10
7 9
7 12
7 17
7 20
7 23
8 7
8 10
8 13
8 18
8 21
9 8
9 11
9 14
9 16
9 19
9 22
10 9
10 12
10 17
10 20
10 23
11 7
11 10
11 13
11 18
11 21
12 8
12 11
12 14
12 16
12 19
12 22
13 9
13 12
13 17
13 20
13 23
13 30
14 7
14 10
14 13
14 18
14 21
14 30
15 0
15 8
15 11
15 14
15 16
15 19
15 22
15 30
16 0
16 9
16 12
16 17
16 20
16 23
17 0
17 7
17 10
17 13
17 18
17 21
18 8
18 11
18 14
18 16
18 19
18 22
19 9
19 12
19 17
19 20
19 23
20 7
20 10
20 13
20 18
20 21
21 8
21 11
21 14
21 16
21 19
21 22
22 9
22 12
22 17
22 20
22 23
23 7
23 10
23 13
23 18
23 21
27 20
27 21
28 20
28 21
29 0
29 1
30 0
30 1
108
0 21
0 22
0 23
1 22
7 7
7 10
7 13
7 16
7 19
7 22
8 8
8 11
8 14
8 17
8 20
8 23
9 2
9 3
9 9
9 12
9 18
9 21
10 2
10 3
10 7
10 10
10 13
10 16
10 19
10 22
11 8
11 11
11 14
11 17
11 20
11 23
12 9
12 12
12 18
12 21
13 7
13 10
13 13
13 16
13 19
13 22
14 8
14 11
14 14
14 17
14 20
14 23
15 9
15 12
15 18
15 21
16 7
16 10
16 13
16 16
16 19
16 22
17 8
17 11
17 14
17 17
17 20
17 23
18 9
18 12
18 18
18 21
19 7
19 10
19 13
19 16
19 19
19 22
20 8
20 11
20 14
20 17
20 20
20 23
20 27
20 28
21 9
21 12
21 18
21 21
21 27
21 28
22 7
22 10
22 13
22 16
22 19
22 22
23 8
23 11
23 14
23 17
23 20
23 23
29 8
30 7
30 8
30 9
104
0 14
0 15
0 16
7 8
7 11
7 14
7 18
7 21
7 30
8 9
8 12
8 16
8 19
8 22
8 29
8 30
9 7
9 10
9 13
9 17
9 20
9 23
9 30
10 8
10 11
10 14
10 18
10 21
11 9
11 12
11 16
11 19
11 22
12 7
12 10
12 13
12 17
12 20
12 23
13 8
13 11
13 14
13 18
13 21
14 9
14 12
14 16
14 19
14 22
15 7
15 10
15 13
15 17
15 20
15 23
16 8
16 11
16 14
16 18
16 21
17 9
17 12
17 16
17 19
17 22
18 7
18 10
18 13
18 17
18 20
18 23
19 8
19 11
19 14
19 18
19 21
20 9
20 12
20 16
20 19
20 22
21 0
21 7
21 10
21 13
21 17
21 20
21 23
22 0
22 1
22 8
22 11
22 14
22 18
22 21
23 0
23 9
23 12
23 16
23 19
23 22
30 14
30 15
30 16
6
16 3 60
14 27 60
3 15 60
27 15 60
27 27 60
3 3 60
80
2 15 3
28 15 3
3 16 3
27 14 3
4 15 3
26 15 3
3 14 3
27 16 3
1 16 3
29 14 3
5 16 3
25 14 3
1 15 4
29 15 4
2 14 4
28 16 4
1 14 4
29 16 4
4 14 4
26 16 4
5 14 4
25 16 4
5 15 4
25 15 4
2 16 5
28 14 5
4 16 5
26 14 5
13 26 5
17 4 5
13 28 5
17 2 5
13 25 3
17 5 3
13 27 3
17 3 3
13 29 3
17 1 3
14 28 3
16 2 3
14 26 3
16 4 3
15 27 3
15 3 3
14 25 4
16 5 4
15 25 4
15 5 4
15 26 4
15 4 4
15 28 4
15 2 4
15 29 4
15 1 4
14 29 4
16 1 4
2 4 8
28 26 8
2 2 8
28 28 8
4 2 8
26 28 8
4 4 8
26 26 8
3 4 4
27 26 4
4 3 4
26 27 4
3 2 4
27 28 4
2 3 4
28 27 4
1 3 3
29 27 3
3 1 3
27 29 3
5 3 3
25 27 3
3 5 3
27 25 3
25 5
5 25