40 40
999 999
HORIZONTAL
22
9 22
10 22
11 22
12 22
13 22
14 22
15 22
16 22
17 22
18 22
19 22
20 22
21 22
22 22
23 22
24 22
25 22
26 22
27 22
28 22
29 22
30 22
416
6 11
6 12
6 13
6 14
6 15
6 16
6 17
6 18
6 19
6 20
6 21
7 11
7 12
7 13
7 14
7 15
7 16
7 17
7 18
7 19
7 20
7 21
8 11
8 12
8 13
8 14
8 15
8 16
8 17
8 18
8 19
8 20
8 21
9 11
9 12
9 13
9 14
9 15
9 16
9 17
9 18
9 19
9 20
9 21
10 11
10 12
10 13
10 14
10 15
10 16
10 17
10 18
10 19
10 20
10 21
10 23
11 11
11 12
11 13
11 14
11 15
11 16
11 17
11 18
11 19
11 20
11 21
11 23
11 24
12 11
12 12
12 13
12 14
12 15
12 16
12 17
12 18
12 19
12 20
12 21
12 23
12 24
12 25
13 11
13 12
13 13
13 14
13 15
13 16
13 17
13 18
13 19
13 20
13 21
13 23
13 24
13 25
13 26
14 11
14 12
14 13
14 14
14 15
14 16
14 17
14 18
14 19
14 20
14 21
14 23
14 24
14 25
14 26
14 27
15 13
15 14
15 15
15 16
15 17
15 18
15 19
15 20
15 21
15 23
15 24
15 25
15 26
15 27
15 28
15 32
15 33
15 34
16 13
16 14
16 15
16 16
16 17
16 18
16 19
16 20
16 21
16 23
16 24
16 25
16 26
16 27
16 28
16 32
16 33
16 34
17 13
17 14
17 15
17 16
17 17
17 18
17 19
17 20
17 21
17 23
17 24
17 25
17 26
17 27
17 28
17 32
17 33
17 34
18 13
18 14
18 15
18 16
18 17
18 18
18 19
18 20
18 21
18 23
18 24
18 25
18 26
18 27
18 28
18 29
18 32
18 33
18 34
19 13
19 14
19 15
19 16
19 17
19 18
19 19
19 20
19 21
19 23
19 24
19 25
19 26
19 27
19 28
19 29
19 30
19 31
19 32
19 33
19 34
20 13
20 14
20 15
20 16
20 17
20 18
20 19
20 20
20 21
20 23
20 24
20 25
20 26
20 27
20 28
20 29
20 30
20 31
20 32
20 33
20 34
21 13
21 14
21 15
21 16
21 17
21 18
21 19
21 20
21 21
21 23
21 24
21 25
21 26
21 27
21 28
21 29
21 32
21 33
21 34
22 13
22 14
22 15
22 16
22 17
22 18
22 19
22 20
22 21
22 23
22 24
22 25
22 26
22 27
22 28
22 32
22 33
22 34
23 13
23 14
23 15
23 16
23 17
23 18
23 19
23 20
23 21
23 23
23 24
23 25
23 26
23 27
23 28
23 32
23 33
23 34
24 13
24 14
24 15
24 16
24 17
24 18
24 19
24 20
24 21
24 23
24 24
24 25
24 26
24 27
24 28
24 32
24 33
24 34
25 11
25 12
25 13
25 14
25 15
25 16
25 17
25 18
25 19
25 20
25 21
25 23
25 24
25 25
25 26
25 27
26 11
26 12
26 13
26 14
26 15
26 16
26 17
26 18
26 19
26 20
26 21
26 23
26 24
26 25
26 26
27 11
27 12
27 13
27 14
27 15
27 16
27 17
27 18
27 19
27 20
27 21
27 23
27 24
27 25
28 11
28 12
28 13
28 14
28 15
28 16
28 17
28 18
28 19
28 20
28 21
28 23
28 24
29 11
29 12
29 13
29 14
29 15
29 16
29 17
29 18
29 19
29 20
29 21
29 23
30 11
30 12
30 13
30 14
30 15
30 16
30 17
30 18
30 19
30 20
30 21
31 11
31 12
31 13
31 14
31 15
31 16
31 17
31 18
31 19
31 20
31 21
32 11
32 12
32 13
32 14
32 15
32 16
32 17
32 18
32 19
32 20
32 21
33 11
33 12
33 13
33 14
33 15
33 16
33 17
33 18
33 19
33 20
33 21
44
2 35
3 20
3 25
4 5
4 9
4 14
4 31
4 33
5 3
5 8
5 26
5 30
7 33
7 35
9 31
9 36
10 1
10 4
13 2
14 2
18 7
19 4
20 4
21 7
25 2
26 2
29 1
29 4
30 31
30 36
32 33
32 35
34 3
34 8
34 26
34 30
35 5
35 9
35 14
35 31
35 33
36 20
36 25
37 35
24
3 1
8 27
11 29
12 32
13 1
13 34
15 36
16 1
18 2
18 37
19 2
19 38
20 2
20 38
21 2
21 37
23 1
24 36
26 1
26 34
27 32
28 29
31 27
36 1
16
0 7
0 11
0 14
2 38
6 38
9 38
12 38
14 7
25 7
27 38
30 38
33 38
37 38
39 7
39 11
39 14
6
15 12 50
24 12 50
18 31 50
21 31 50
8 5 50
31 5 50
48
9 7 3
30 7 3
10 6 3
29 6 3
11 5 3
28 5 3
10 3 3
29 3 3
9 3 3
30 3 3
7 4 3
32 4 3
6 5 3
33 5 3
6 6 3
33 6 3
7 7 3
32 7 3
16 11 3
23 11 3
18 12 3
21 12 3
16 10 3
23 10 3
16 31 3
23 31 3
17 31 3
22 31 3
17 30 4
22 30 4
16 30 4
23 30 4
9 6 4
30 6 4
8 3 4
31 3 4
17 12 4
22 12 4
17 11 4
22 11 4
17 10 8
22 10 8
29 7 8
10 7 8
33 3 8
6 3 8
24 31 8
15 31 8
1 21
38 21