30 30
878 105
HORIZONTAL
122
6 6
6 26
7 6
7 26
8 6
8 26
9 6
9 7
9 25
9 26
10 6
10 7
10 25
10 26
11 6
11 7
11 8
11 24
11 25
11 26
12 6
12 7
12 8
12 9
12 23
12 24
12 25
12 26
13 6
13 7
13 8
13 9
13 10
13 11
13 21
13 22
13 23
13 24
13 25
13 26
14 6
14 7
14 8
14 9
14 10
14 11
14 12
14 13
14 14
14 15
14 16
14 17
14 18
14 19
14 20
14 21
14 22
14 23
14 24
14 25
14 26
15 6
15 7
15 8
15 9
15 10
15 11
15 12
15 13
15 14
15 15
15 16
15 17
15 18
15 19
15 20
15 21
15 22
15 23
15 24
15 25
15 26
16 6
16 7
16 8
16 9
16 10
16 11
16 21
16 22
16 23
16 24
16 25
16 26
17 6
17 7
17 8
17 9
17 23
17 24
17 25
17 26
18 6
18 7
18 8
18 24
18 25
18 26
19 6
19 7
19 25
19 26
20 6
20 7
20 25
20 26
21 6
21 26
22 6
22 26
23 6
23 26
90
0 0
0 1
0 2
1 0
1 1
1 2
2 0
2 1
2 2
3 0
3 1
3 2
4 0
4 1
4 2
5 0
5 1
5 2
6 0
6 1
6 2
7 0
7 1
7 2
8 0
8 1
8 2
9 0
9 1
9 2
10 0
10 1
10 2
11 0
11 1
11 2
12 0
12 1
12 2
13 0
13 1
13 2
14 0
14 1
14 2
15 0
15 1
15 2
16 0
16 1
16 2
17 0
17 1
17 2
18 0
18 1
18 2
19 0
19 1
19 2
20 0
20 1
20 2
21 0
21 1
21 2
22 0
22 1
22 2
23 0
23 1
23 2
24 0
24 1
24 2
25 0
25 1
25 2
26 0
26 1
26 2
27 0
27 1
27 2
28 0
28 1
28 2
29 0
29 1
29 2
6
10 24
11 23
12 22
17 22
18 23
19 24
6
10 8
11 9
12 10
17 10
18 9
19 8
12
6 7
6 25
7 7
7 25
8 7
8 25
21 7
21 25
22 7
22 25
23 7
23 25
4
9 4 50
20 4 50
9 28 50
20 28 50
12
8 29 8
21 29 8
8 28 8
21 28 8
8 27 8
21 27 8
8 5 8
21 5 8
8 4 8
21 4 8
8 3 8
21 3 8
6 16
23 16