31 20
974 84
HORIZONTAL
68
4 2
4 3
4 6
4 7
4 12
4 13
4 16
4 17
5 2
5 7
5 12
5 17
6 2
6 7
6 12
6 17
7 2
7 3
7 4
7 5
7 6
7 7
7 12
7 13
7 14
7 15
7 16
7 17
15 8
15 9
15 10
15 11
15 12
15 13
15 14
15 15
15 16
15 17
15 18
15 19
23 2
23 3
23 4
23 5
23 6
23 7
23 12
23 13
23 14
23 15
23 16
23 17
24 2
24 7
24 12
24 17
25 2
25 7
25 12
25 17
26 2
26 3
26 6
26 7
26 12
26 13
26 16
26 17
31
11 6
11 7
11 8
11 9
11 10
11 11
11 12
12 6
12 7
13 6
13 7
14 6
14 7
14 8
15 5
15 6
15 7
16 6
16 7
16 8
17 6
17 7
18 6
18 7
19 6
19 7
19 8
19 9
19 10
19 11
19 12
16
5 3
5 6
5 13
5 16
6 3
6 6
6 13
6 16
24 3
24 6
24 13
24 16
25 3
25 6
25 13
25 16
12
5 5
5 15
6 5
6 15
12 11
14 9
16 9
18 11
24 5
24 15
25 5
25 15
12
5 4
5 14
6 4
6 14
12 8
13 8
17 8
18 8
24 4
24 14
25 4
25 14
2
11 0 50
19 0 50
28
10 0 6
20 0 6
10 1 6
20 1 6
11 1 6
19 1 6
12 1 6
18 1 6
12 0 6
18 0 6
9 0 2
21 0 2
9 1 2
21 1 2
9 2 2
21 2 2
10 2 2
20 2 2
11 2 2
19 2 2
12 2 2
18 2 2
13 2 2
17 2 2
13 1 2
17 1 2
13 0 2
17 0 2
2 15
28 15