23 23
798 213
ROTATIONAL
4
3 11
9 11
13 11
19 11
264
0 1
0 3
0 5
0 7
0 9
0 11
0 13
0 15
0 17
0 19
0 21
1 0
1 2
1 4
1 6
1 8
1 10
1 12
1 14
1 16
1 18
1 20
1 22
2 1
2 3
2 5
2 7
2 9
2 11
2 13
2 15
2 17
2 19
2 21
3 0
3 2
3 4
3 6
3 8
3 10
3 12
3 14
3 16
3 18
3 20
3 22
4 1
4 3
4 5
4 7
4 9
4 11
4 13
4 15
4 17
4 19
4 21
5 0
5 2
5 4
5 6
5 8
5 10
5 12
5 14
5 16
5 18
5 20
5 22
6 1
6 3
6 5
6 7
6 9
6 11
6 13
6 15
6 17
6 19
6 21
7 0
7 2
7 4
7 6
7 8
7 10
7 12
7 14
7 16
7 18
7 20
7 22
8 1
8 3
8 5
8 7
8 9
8 11
8 13
8 15
8 17
8 19
8 21
9 0
9 2
9 4
9 6
9 8
9 10
9 12
9 14
9 16
9 18
9 20
9 22
10 1
10 3
10 5
10 7
10 9
10 11
10 13
10 15
10 17
10 19
10 21
11 0
11 2
11 4
11 6
11 8
11 10
11 12
11 14
11 16
11 18
11 20
11 22
12 1
12 3
12 5
12 7
12 9
12 11
12 13
12 15
12 17
12 19
12 21
13 0
13 2
13 4
13 6
13 8
13 10
13 12
13 14
13 16
13 18
13 20
13 22
14 1
14 3
14 5
14 7
14 9
14 11
14 13
14 15
14 17
14 19
14 21
15 0
15 2
15 4
15 6
15 8
15 10
15 12
15 14
15 16
15 18
15 20
15 22
16 1
16 3
16 5
16 7
16 9
16 11
16 13
16 15
16 17
16 19
16 21
17 0
17 2
17 4
17 6
17 8
17 10
17 12
17 14
17 16
17 18
17 20
17 22
18 1
18 3
18 5
18 7
18 9
18 11
18 13
18 15
18 17
18 19
18 21
19 0
19 2
19 4
19 6
19 8
19 10
19 12
19 14
19 16
19 18
19 20
19 22
20 1
20 3
20 5
20 7
20 9
20 11
20 13
20 15
20 17
20 19
20 21
21 0
21 2
21 4
21 6
21 8
21 10
21 12
21 14
21 16
21 18
21 20
21 22
22 1
22 3
22 5
22 7
22 9
22 11
22 13
22 15
22 17
22 19
22 21
24
0 2
1 9
1 13
2 20
4 2
5 9
5 13
6 20
8 2
9 9
9 13
10 20
12 2
13 9
13 13
14 20
16 2
17 9
17 13
18 20
20 2
21 9
21 13
22 20
22
0 6
2 0
2 16
4 6
4 22
6 0
6 16
8 6
8 22
10 0
10 16
12 6
12 22
14 0
14 16
16 6
16 22
18 0
18 16
20 6
20 22
22 16
12
0 18
2 4
4 18
6 4
8 18
10 4
12 18
14 4
16 18
18 4
20 18
22 4
2
0 22 100
22 0 100
12
0 20 6
22 2 6
1 21 6
21 1 6
2 22 6
20 0 6
3 21 6
19 1 6
1 19 6
21 3 6
2 20 6
20 2 6
0 0
22 22