20 20
343 435
ROTATIONAL
142
0 6
0 7
0 8
0 9
0 10
0 11
0 12
0 13
0 14
0 15
0 16
1 7
1 8
1 9
1 10
1 11
1 12
1 14
2 8
2 9
2 10
2 11
2 14
2 19
3 9
3 10
3 11
3 12
3 19
4 10
4 11
4 12
4 13
4 14
4 19
5 11
5 12
5 13
5 14
6 0
6 12
6 13
6 14
6 15
6 16
6 17
6 19
7 0
7 1
7 13
7 14
7 15
7 16
7 19
8 0
8 1
8 2
8 14
8 15
8 16
8 17
8 18
9 0
9 1
9 2
9 3
9 15
9 16
9 17
9 18
9 19
10 0
10 1
10 2
10 3
10 4
10 16
10 17
10 18
10 19
11 1
11 2
11 3
11 4
11 5
11 17
11 18
11 19
12 0
12 3
12 4
12 5
12 6
12 18
12 19
13 0
13 2
13 3
13 4
13 5
13 6
13 7
13 19
14 5
14 6
14 7
14 8
15 0
15 5
15 6
15 7
15 8
15 9
16 0
16 7
16 8
16 9
16 10
17 0
17 5
17 8
17 9
17 10
17 11
18 5
18 7
18 8
18 9
18 10
18 11
18 12
19 3
19 4
19 5
19 6
19 7
19 8
19 9
19 10
19 11
19 12
19 13
8
2 16
2 17
3 16
3 17
16 2
16 3
17 2
17 3
64
0 17
0 18
0 19
1 13
1 15
1 16
1 17
1 18
1 19
2 0
2 12
2 13
2 15
2 18
3 13
3 14
3 15
3 18
4 0
4 15
4 16
4 17
4 18
5 15
5 16
5 17
5 18
5 19
6 18
7 17
7 18
8 19
11 0
12 1
12 2
13 1
14 0
14 1
14 2
14 3
14 4
15 1
15 2
15 3
15 4
15 19
16 1
16 4
16 5
16 6
17 1
17 4
17 6
17 7
17 19
18 0
18 1
18 2
18 3
18 4
18 6
19 0
19 1
19 2
4
0 2
0 4
19 15
19 17
6
1 1
2 2
3 3
16 16
17 17
18 18
2
10 10 50
9 9 50
34
8 10 4
11 9 4
7 11 4
12 8 4
9 11 4
10 8 4
11 11 4
8 8 4
12 10 4
7 9 4
7 7 4
12 12 4
9 7 4
10 12 4
11 7 4
8 12 4
8 7 5
11 12 5
7 8 5
12 11 5
8 9 5
11 10 5
7 10 5
12 9 5
8 11 5
11 8 5
7 12 5
12 7 5
9 12 5
10 7 5
10 11 5
9 8 5
9 10 5
10 9 5
0 0
19 19