21 21
200 927
HORIZONTAL
0
16
2 2
2 3
2 17
2 18
3 2
3 3
3 17
3 18
17 2
17 3
17 17
17 18
18 2
18 3
18 17
18 18
53
0 0
0 1
0 19
0 20
1 0
1 1
1 19
1 20
7 9
7 10
7 11
8 8
8 9
8 10
8 11
8 12
9 7
9 8
9 9
9 10
9 11
9 12
9 13
10 7
10 8
10 9
10 10
10 11
10 12
10 13
11 7
11 8
11 9
11 10
11 11
11 12
11 13
12 8
12 9
12 10
12 11
12 12
13 9
13 10
13 11
19 0
19 1
19 19
19 20
20 0
20 1
20 19
20 20
16
2 0
2 1
2 19
2 20
3 0
3 1
3 19
3 20
17 0
17 1
17 19
17 20
18 0
18 1
18 19
18 20
16
0 2
0 3
0 17
0 18
1 2
1 3
1 17
1 18
19 2
19 3
19 17
19 18
20 2
20 3
20 17
20 18
2
10 0 50
10 20 50
20
9 20 3
11 20 3
10 19 3
10 1 3
9 0 3
11 0 3
9 1 2
11 1 2
8 0 2
12 0 2
10 2 2
8 20 2
12 20 2
9 19 2
11 19 2
10 18 2
8 19 6
12 19 6
8 1 6
12 1 6
5 10
15 10