40 31
714 584
ROTATIONAL
172
0 11
1 11
2 11
3 11
4 11
5 3
5 4
5 5
5 6
5 7
5 8
5 9
5 10
5 11
6 11
7 11
8 11
9 3
9 4
9 5
9 6
9 7
9 8
9 9
9 10
9 11
10 11
10 19
10 20
10 21
10 22
10 23
10 24
10 25
10 26
10 27
11 11
11 19
12 11
12 19
13 3
13 4
13 5
13 6
13 7
13 8
13 9
13 10
13 11
13 19
14 11
14 19
14 20
14 21
14 22
14 23
14 24
14 25
14 26
14 27
15 11
15 19
16 11
16 19
17 3
17 4
17 5
17 6
17 7
17 8
17 9
17 10
17 11
17 19
18 11
18 19
18 20
18 21
18 22
18 23
18 24
18 25
18 26
18 27
19 11
19 19
20 11
20 19
21 3
21 4
21 5
21 6
21 7
21 8
21 9
21 10
21 11
21 19
22 11
22 19
22 20
22 21
22 22
22 23
22 24
22 25
22 26
22 27
23 11
23 19
24 11
24 19
25 3
25 4
25 5
25 6
25 7
25 8
25 9
25 10
25 11
25 19
26 11
26 19
26 20
26 21
26 22
26 23
26 24
26 25
26 26
26 27
27 11
27 19
28 11
28 19
29 3
29 4
29 5
29 6
29 7
29 8
29 9
29 10
29 11
29 19
30 19
30 20
30 21
30 22
30 23
30 24
30 25
30 26
30 27
31 19
32 19
33 19
34 19
34 20
34 21
34 22
34 23
34 24
34 25
34 26
34 27
35 19
36 19
37 19
38 19
39 19
120
0 23
0 24
0 25
0 26
0 27
0 28
0 29
0 30
1 23
1 24
1 25
1 26
1 27
1 28
1 29
1 30
2 26
2 27
2 28
2 29
2 30
3 26
3 27
3 28
3 29
3 30
4 26
4 27
4 28
4 29
4 30
6 8
6 9
6 10
7 8
7 9
7 10
8 8
8 9
8 10
10 8
10 9
10 10
11 8
11 9
11 10
12 8
12 9
12 10
14 8
14 9
14 10
15 8
15 9
15 10
16 8
16 9
16 10
18 15
19 15
20 15
21 15
23 20
23 21
23 22
24 20
24 21
24 22
25 20
25 21
25 22
27 20
27 21
27 22
28 20
28 21
28 22
29 20
29 21
29 22
31 20
31 21
31 22
32 20
32 21
32 22
33 20
33 21
33 22
35 0
35 1
35 2
35 3
35 4
36 0
36 1
36 2
36 3
36 4
37 0
37 1
37 2
37 3
37 4
38 0
38 1
38 2
38 3
38 4
38 5
38 6
38 7
39 0
39 1
39 2
39 3
39 4
39 5
39 6
39 7
18
18 8
18 9
18 10
19 8
19 9
19 10
19 20
19 21
19 22
20 8
20 9
20 10
20 20
20 21
20 22
21 20
21 21
21 22
18
15 20
15 21
15 22
16 20
16 21
16 22
17 20
17 21
17 22
22 8
22 9
22 10
23 8
23 9
23 10
24 8
24 9
24 10
18
11 20
11 21
11 22
12 20
12 21
12 22
13 20
13 21
13 22
26 8
26 9
26 10
27 8
27 9
27 10
28 8
28 9
28 10
4
14 15 100
25 15 100
7 15 100
32 15 100
72
7 16 3
32 14 3
6 16 3
33 14 3
8 16 3
31 14 3
8 15 3
31 15 3
8 14 3
31 16 3
9 14 3
30 16 3
9 15 3
30 15 3
9 16 3
30 14 3
9 17 3
30 13 3
8 17 3
31 13 3
7 17 3
32 13 3
6 17 3
33 13 3
13 16 3
26 14 3
13 15 3
26 15 3
13 14 3
26 16 3
14 14 3
25 16 3
15 14 3
24 16 3
15 16 3
24 14 3
14 16 3
25 14 3
12 17 3
27 13 3
14 17 3
25 13 3
15 17 3
24 13 3
15 15 3
24 15 3
13 17 3
26 13 3
12 16 3
27 14 3
12 15 3
27 15 3
12 14 3
27 16 3
12 13 3
27 17 3
13 13 3
26 17 3
14 13 3
25 17 3
15 13 3
24 17 3
16 13 3
23 17 3
16 14 3
23 16 3
16 15 3
23 15 3
16 16 3
23 14 3
16 17 3
23 13 3
2 8
37 22