31 31
969 326
ROTATIONAL
0
114
1 21
1 22
2 21
2 22
3 16
3 17
3 21
3 22
3 26
3 27
4 16
4 17
4 26
4 27
5 16
5 17
5 26
5 27
6 16
6 17
6 19
6 20
6 21
6 22
6 23
6 26
6 27
7 16
7 17
7 19
7 20
7 21
7 22
7 23
7 26
7 27
8 16
8 17
9 16
9 17
10 16
10 17
10 21
10 22
10 23
10 24
10 25
10 26
10 27
11 16
11 17
13 20
13 21
13 22
13 23
13 24
13 25
17 5
17 6
17 7
17 8
17 9
17 10
19 13
19 14
20 3
20 4
20 5
20 6
20 7
20 8
20 9
20 13
20 14
21 13
21 14
22 13
22 14
23 3
23 4
23 7
23 8
23 9
23 10
23 11
23 13
23 14
24 3
24 4
24 7
24 8
24 9
24 10
24 11
24 13
24 14
25 3
25 4
25 13
25 14
26 3
26 4
26 13
26 14
27 3
27 4
27 8
27 9
27 13
27 14
28 8
28 9
29 8
29 9
22
3 28
4 28
5 28
6 28
7 28
12 20
12 21
12 22
12 23
12 24
12 25
18 5
18 6
18 7
18 8
18 9
18 10
23 2
24 2
25 2
26 2
27 2
10
5 19
5 20
5 21
5 22
5 23
25 7
25 8
25 9
25 10
25 11
14
9 21
9 22
9 23
9 24
9 25
9 26
9 27
21 3
21 4
21 5
21 6
21 7
21 8
21 9
2
27 6 50
3 24 50
24
30 9 8
0 21 8
26 10 8
4 20 8
24 5 8
6 25 8
29 3 8
1 27 8
27 7 3
3 23 3
26 6 3
4 24 3
27 5 3
3 25 3
28 6 3
2 24 3
28 5 4
2 25 4
28 7 4
2 23 4
26 7 4
4 23 4
26 5 4
4 25 4
27 27
3 3