21 21
682 850
ROTATIONAL
267
0 0
0 1
0 2
0 3
0 4
0 5
0 6
0 7
0 8
0 9
0 10
0 11
0 12
0 13
0 14
0 15
0 16
0 17
0 18
0 19
0 20
1 0
1 1
1 2
1 3
1 4
1 5
1 6
1 7
1 8
1 9
1 11
1 12
1 13
1 14
1 15
1 16
1 17
1 18
1 19
1 20
2 0
2 1
2 2
2 3
2 4
2 5
2 6
2 7
2 8
2 12
2 13
2 14
2 15
2 16
2 17
2 18
2 19
2 20
3 0
3 1
3 2
3 3
3 4
3 5
3 6
3 7
3 13
3 14
3 15
3 16
3 17
3 18
3 19
3 20
4 0
4 1
4 2
4 3
4 4
4 5
4 6
4 14
4 15
4 16
4 17
4 18
4 19
4 20
5 0
5 1
5 2
5 3
5 4
5 5
5 15
5 16
5 17
5 18
5 19
5 20
6 0
6 1
6 2
6 3
6 4
6 16
6 17
6 18
6 19
6 20
7 0
7 1
7 2
7 3
7 10
7 17
7 18
7 19
7 20
8 0
8 1
8 2
8 10
8 18
8 19
8 20
9 0
9 1
9 10
9 19
9 20
10 0
10 10
10 20
11 0
11 1
11 10
11 19
11 20
12 0
12 1
12 2
12 10
12 18
12 19
12 20
13 0
13 1
13 2
13 3
13 10
13 17
13 18
13 19
13 20
14 0
14 1
14 2
14 3
14 4
14 16
14 17
14 18
14 19
14 20
15 0
15 1
15 2
15 3
15 4
15 5
15 15
15 16
15 17
15 18
15 19
15 20
16 0
16 1
16 2
16 3
16 4
16 5
16 6
16 14
16 15
16 16
16 17
16 18
16 19
16 20
17 0
17 1
17 2
17 3
17 4
17 5
17 6
17 7
17 13
17 14
17 15
17 16
17 17
17 18
17 19
17 20
18 0
18 1
18 2
18 3
18 4
18 5
18 6
18 7
18 8
18 12
18 13
18 14
18 15
18 16
18 17
18 18
18 19
18 20
19 0
19 1
19 2
19 3
19 4
19 5
19 6
19 7
19 8
19 9
19 11
19 12
19 13
19 14
19 15
19 16
19 17
19 18
19 19
19 20
20 0
20 1
20 2
20 3
20 4
20 5
20 6
20 7
20 8
20 9
20 10
20 11
20 12
20 13
20 14
20 15
20 16
20 17
20 18
20 19
20 20
0
12
8 6
8 14
9 6
9 14
10 5
10 6
10 14
10 15
11 6
11 14
12 6
12 14
10
8 8
8 12
9 8
9 12
10 8
10 12
11 8
11 12
12 8
12 12
18
7 7
7 8
7 12
7 13
8 7
8 13
9 7
9 13
10 7
10 13
11 7
11 13
12 7
12 13
13 7
13 8
13 12
13 13
2
1 10 100
19 10 100
16
2 11 3
18 9 3
2 10 3
18 10 3
2 9 3
18 11 3
3 8 3
17 12 3
3 9 3
17 11 3
3 10 3
17 10 3
3 11 3
17 9 3
3 12 3
17 8 3
10 1
10 19