20 20
514 651
ROTATIONAL
44
0 4
0 5
1 4
1 5
2 4
2 5
3 4
3 5
4 4
4 5
5 4
5 5
6 4
6 5
7 4
7 5
8 4
8 5
9 4
9 5
9 14
9 15
10 4
10 5
10 14
10 15
11 14
11 15
12 14
12 15
13 14
13 15
14 14
14 15
15 14
15 15
16 14
16 15
17 14
17 15
18 14
18 15
19 14
19 15
28
2 9
2 10
2 11
3 9
3 10
3 11
4 9
4 10
4 11
5 9
5 10
5 11
9 8
9 9
10 10
10 11
14 8
14 9
14 10
15 8
15 9
15 10
16 8
16 9
16 10
17 8
17 9
17 10
6
0 1
1 0
1 1
18 18
18 19
19 18
10
0 2
1 2
2 0
2 1
2 2
17 17
17 18
17 19
18 17
19 17
14
0 3
1 3
2 3
3 0
3 1
3 2
3 3
16 16
16 17
16 18
16 19
17 16
18 16
19 16
4
1 10 80
18 9 80
9 7 80
10 12 80
46
8 8 8
11 11 8
7 8 8
12 11 8
7 7 8
12 12 8
7 6 8
12 13 8
8 6 8
11 13 8
8 7 8
11 12 8
9 6 8
10 13 8
1 9 8
18 10 8
1 11 8
18 8 8
0 11 4
19 8 4
0 10 4
19 9 4
0 9 4
19 10 4
10 8 3
9 11 3
11 8 3
8 11 3
11 7 3
8 12 3
10 7 3
9 12 3
10 6 3
9 13 3
11 6 3
8 13 3
7 9 3
12 10 3
8 9 3
11 10 3
8 10 3
11 9 3
9 10 3
10 9 3
7 10 3
12 9 3
0 0
19 19