25 25
781 772
ROTATIONAL
169
0 9
0 10
0 11
0 12
0 13
0 14
0 15
1 6
1 7
1 8
1 16
1 17
1 18
2 4
2 5
2 19
2 20
3 3
3 21
4 2
4 22
5 2
5 22
6 1
6 23
7 1
7 10
7 11
7 12
7 13
7 14
7 23
8 1
8 9
8 10
8 11
8 12
8 13
8 14
8 15
8 23
9 0
9 8
9 9
9 10
9 11
9 12
9 13
9 14
9 15
9 16
9 24
10 0
10 7
10 8
10 9
10 10
10 11
10 12
10 13
10 14
10 15
10 16
10 17
10 24
11 0
11 7
11 8
11 9
11 10
11 11
11 12
11 13
11 14
11 15
11 16
11 17
11 24
12 0
12 7
12 8
12 9
12 10
12 11
12 12
12 13
12 14
12 15
12 16
12 17
12 24
13 0
13 7
13 8
13 9
13 10
13 11
13 12
13 13
13 14
13 15
13 16
13 17
13 24
14 0
14 7
14 8
14 9
14 10
14 11
14 12
14 13
14 14
14 15
14 16
14 17
14 24
15 0
15 8
15 9
15 10
15 11
15 12
15 13
15 14
15 15
15 16
15 24
16 1
16 9
16 10
16 11
16 12
16 13
16 14
16 15
16 23
17 1
17 10
17 11
17 12
17 13
17 14
17 23
18 1
18 23
19 2
19 22
20 2
20 22
21 3
21 21
22 4
22 5
22 19
22 20
23 6
23 7
23 8
23 16
23 17
23 18
24 9
24 10
24 11
24 12
24 13
24 14
24 15
116
0 0
0 1
0 2
0 3
0 4
0 5
0 6
0 7
0 8
0 16
0 17
0 18
0 19
0 20
0 21
0 22
0 23
0 24
1 0
1 1
1 2
1 3
1 4
1 5
1 19
1 20
1 21
1 22
1 23
1 24
2 0
2 1
2 2
2 3
2 21
2 22
2 23
2 24
3 0
3 1
3 2
3 22
3 23
3 24
4 0
4 1
4 23
4 24
5 0
5 1
5 23
5 24
6 0
6 24
7 0
7 24
8 0
8 24
16 0
16 24
17 0
17 24
18 0
18 24
19 0
19 1
19 23
19 24
20 0
20 1
20 23
20 24
21 0
21 1
21 2
21 22
21 23
21 24
22 0
22 1
22 2
22 3
22 21
22 22
22 23
22 24
23 0
23 1
23 2
23 3
23 4
23 5
23 19
23 20
23 21
23 22
23 23
23 24
24 0
24 1
24 2
24 3
24 4
24 5
24 6
24 7
24 8
24 16
24 17
24 18
24 19
24 20
24 21
24 22
24 23
24 24
16
11 1
11 2
11 3
11 21
11 22
11 23
12 1
12 3
12 21
12 23
13 1
13 2
13 3
13 21
13 22
13 23
18
5 18
5 19
5 20
6 18
6 19
6 20
7 18
7 19
7 20
17 4
17 5
17 6
18 4
18 5
18 6
19 4
19 5
19 6
18
5 4
5 5
5 6
6 4
6 5
6 6
7 4
7 5
7 6
17 18
17 19
17 20
18 18
18 19
18 20
19 18
19 19
19 20
2
3 12 100
21 12 100
20
2 11 3
22 13 3
4 11 3
20 13 3
2 13 3
22 11 3
4 13 3
20 11 3
2 15 5
22 9 5
3 15 5
21 9 5
4 15 5
20 9 5
2 9 5
22 15 5
3 9 5
21 15 5
4 9 5
20 15 5
12 2
12 22