35 21
205 44
ROTATIONAL
108
2 5
2 6
2 7
2 8
2 9
2 10
2 11
2 12
2 13
2 14
2 15
3 4
3 5
3 15
3 16
4 3
4 4
4 16
4 17
5 3
5 17
6 3
6 17
7 3
7 17
8 3
8 17
9 3
9 17
10 3
10 4
10 16
10 17
11 4
11 5
11 15
11 16
12 5
12 6
12 7
12 8
12 12
12 13
12 14
12 15
13 8
13 12
14 8
14 12
15 8
15 12
16 8
16 12
17 8
17 12
18 8
18 12
19 8
19 12
20 8
20 12
21 8
21 12
22 5
22 6
22 7
22 8
22 12
22 13
22 14
22 15
23 4
23 5
23 15
23 16
24 3
24 4
24 16
24 17
25 3
25 17
26 3
26 17
27 3
27 17
28 3
28 17
29 3
29 17
30 3
30 4
30 16
30 17
31 4
31 5
31 15
31 16
32 5
32 6
32 7
32 8
32 9
32 10
32 11
32 12
32 13
32 14
32 15
0
102
11 3
11 17
12 3
12 4
12 16
12 17
13 3
13 4
13 5
13 6
13 7
13 13
13 14
13 15
13 16
13 17
14 3
14 4
14 5
14 6
14 7
14 13
14 14
14 15
14 16
14 17
15 3
15 4
15 5
15 6
15 7
15 13
15 14
15 15
15 16
15 17
16 3
16 4
16 5
16 6
16 7
16 13
16 14
16 15
16 16
16 17
17 3
17 4
17 5
17 6
17 7
17 13
17 14
17 15
17 16
17 17
18 3
18 4
18 5
18 6
18 7
18 13
18 14
18 15
18 16
18 17
19 3
19 4
19 5
19 6
19 7
19 13
19 14
19 15
19 16
19 17
20 3
20 4
20 5
20 6
20 7
20 13
20 14
20 15
20 16
20 17
21 3
21 4
21 5
21 6
21 7
21 13
21 14
21 15
21 16
21 17
22 3
22 4
22 16
22 17
23 3
23 17
238
0 0
0 1
0 2
0 3
0 4
0 16
0 17
0 18
0 19
0 20
1 0
1 1
1 2
1 3
1 4
1 16
1 17
1 18
1 19
1 20
2 0
2 1
2 2
2 3
2 4
2 16
2 17
2 18
2 19
2 20
3 0
3 1
3 2
3 3
3 17
3 18
3 19
3 20
4 0
4 1
4 2
4 18
4 19
4 20
5 0
5 1
5 2
5 18
5 19
5 20
6 0
6 1
6 2
6 18
6 19
6 20
7 0
7 1
7 2
7 18
7 19
7 20
8 0
8 1
8 2
8 18
8 19
8 20
9 0
9 1
9 2
9 18
9 19
9 20
10 0
10 1
10 2
10 18
10 19
10 20
11 0
11 1
11 2
11 18
11 19
11 20
12 0
12 1
12 2
12 18
12 19
12 20
13 0
13 1
13 2
13 18
13 19
13 20
14 0
14 1
14 2
14 18
14 19
14 20
15 0
15 1
15 2
15 18
15 19
15 20
16 0
16 1
16 2
16 18
16 19
16 20
17 0
17 1
17 2
17 18
17 19
17 20
18 0
18 1
18 2
18 18
18 19
18 20
19 0
19 1
19 2
19 18
19 19
19 20
20 0
20 1
20 2
20 18
20 19
20 20
21 0
21 1
21 2
21 18
21 19
21 20
22 0
22 1
22 2
22 18
22 19
22 20
23 0
23 1
23 2
23 18
23 19
23 20
24 0
24 1
24 2
24 18
24 19
24 20
25 0
25 1
25 2
25 18
25 19
25 20
26 0
26 1
26 2
26 18
26 19
26 20
27 0
27 1
27 2
27 18
27 19
27 20
28 0
28 1
28 2
28 18
28 19
28 20
29 0
29 1
29 2
29 18
29 19
29 20
30 0
30 1
30 2
30 18
30 19
30 20
31 0
31 1
31 2
31 3
31 17
31 18
31 19
31 20
32 0
32 1
32 2
32 3
32 4
32 16
32 17
32 18
32 19
32 20
33 0
33 1
33 2
33 3
33 4
33 16
33 17
33 18
33 19
33 20
34 0
34 1
34 2
34 3
34 4
34 16
34 17
34 18
34 19
34 20
44
0 5
0 6
0 7
0 8
0 9
0 10
0 11
0 12
0 13
0 14
0 15
1 5
1 6
1 7
1 8
1 9
1 10
1 11
1 12
1 13
1 14
1 15
33 5
33 6
33 7
33 8
33 9
33 10
33 11
33 12
33 13
33 14
33 15
34 5
34 6
34 7
34 8
34 9
34 10
34 11
34 12
34 13
34 14
34 15
1
17 10 200
28
17 9 6
17 11 6
16 9 6
18 11 6
16 10 6
18 10 6
16 11 6
18 9 6
15 11 6
19 9 6
15 10 6
19 10 6
15 9 6
19 11 6
14 11 3
20 9 3
14 10 3
20 10 3
14 9 3
20 11 3
13 10 3
21 10 3
13 9 3
21 11 3
13 11 3
21 9 3
12 10 5
22 10 5
3 10
31 10