25 21
258 421
ROTATIONAL
90
5 2
5 3
5 4
5 5
5 6
5 7
5 8
5 9
5 10
5 11
5 12
5 13
5 16
5 17
5 18
6 2
6 3
6 4
6 5
6 6
6 7
6 8
6 9
6 10
6 11
6 12
6 13
6 16
6 17
6 18
7 2
7 3
7 4
7 5
7 6
7 7
7 8
7 9
7 10
7 11
7 12
7 13
7 16
7 17
7 18
17 2
17 3
17 4
17 7
17 8
17 9
17 10
17 11
17 12
17 13
17 14
17 15
17 16
17 17
17 18
18 2
18 3
18 4
18 7
18 8
18 9
18 10
18 11
18 12
18 13
18 14
18 15
18 16
18 17
18 18
19 2
19 3
19 4
19 7
19 8
19 9
19 10
19 11
19 12
19 13
19 14
19 15
19 16
19 17
19 18
0
22
1 10
2 3
2 15
2 19
9 2
9 8
9 14
9 17
10 12
11 6
12 2
12 18
13 14
14 8
15 3
15 6
15 12
15 18
22 1
22 5
22 17
23 10
16
0 3
1 17
4 11
10 4
10 11
11 8
11 14
11 16
13 4
13 6
13 12
14 9
14 16
20 9
23 3
24 17
22
0 13
2 0
3 8
8 6
8 12
8 16
9 4
9 10
10 18
11 3
12 9
12 11
13 17
14 2
15 10
15 16
16 4
16 8
16 14
21 12
22 20
24 7
2
12 17 100
12 3 100
16
10 3 3
14 17 3
11 2 3
13 18 3
13 2 3
11 18 3
14 3 3
10 17 3
12 4 3
12 16 3
12 5 3
12 15 3
13 5 3
11 15 3
11 5 3
13 15 3
2 8
22 12