23 23
842 869
ROTATIONAL
98
0 4
0 12
0 19
1 4
1 12
1 19
2 4
2 12
2 19
3 4
3 8
3 12
3 19
4 2
4 3
4 4
4 8
4 12
4 19
4 20
5 8
5 12
5 16
6 8
6 12
6 16
7 8
7 12
7 16
8 0
8 1
8 2
8 3
8 4
8 5
8 6
8 7
8 8
8 12
8 16
9 12
9 16
10 16
10 17
10 18
10 19
10 20
10 21
10 22
12 0
12 1
12 2
12 3
12 4
12 5
12 6
13 6
13 10
14 6
14 10
14 14
14 15
14 16
14 17
14 18
14 19
14 20
14 21
14 22
15 6
15 10
15 14
16 6
16 10
16 14
17 6
17 10
17 14
18 2
18 3
18 10
18 14
18 18
18 19
18 20
19 3
19 10
19 14
19 18
20 3
20 10
20 18
21 3
21 10
21 18
22 3
22 10
22 18
0
22
1 6
2 10
6 6
6 19
7 10
7 20
9 18
9 20
10 5
10 9
11 2
11 20
12 13
12 17
13 2
13 4
15 2
15 12
16 3
16 16
20 12
21 16
22
1 8
4 6
4 10
5 10
6 2
7 18
7 21
8 19
8 22
10 2
10 7
12 15
12 20
14 0
14 3
15 1
15 4
16 20
17 12
18 12
18 16
21 14
22
0 10
1 7
5 3
6 18
6 21
7 7
8 10
8 18
9 21
11 5
11 8
11 14
11 17
13 1
14 4
14 12
15 15
16 1
16 4
17 19
21 15
22 12
2
1 21 100
21 1 100
16
21 2 6
1 20 6
20 1 6
2 21 6
21 0 6
1 22 6
20 2 3
2 20 3
20 0 3
2 22 3
0 21 4
22 1 4
0 22 4
22 0 4
0 20 4
22 2 4
1 1
21 21