35 35
618 914
ROTATIONAL
58
2 11
3 7
3 14
4 7
4 24
5 27
6 7
6 17
6 18
8 24
9 16
11 5
11 16
12 5
12 28
12 29
13 20
13 28
13 29
14 7
14 8
14 9
15 7
15 8
16 15
16 16
16 31
17 15
17 16
17 18
17 19
18 3
18 18
18 19
19 26
19 27
20 25
20 26
20 27
21 5
21 6
21 14
22 5
22 6
22 29
23 18
23 29
25 18
26 10
28 16
28 17
28 27
29 7
30 10
30 27
31 20
31 27
32 23
70
4 18
6 29
7 18
8 20
8 33
9 2
9 10
9 11
9 12
9 14
9 20
9 32
10 10
10 11
10 12
10 14
10 21
10 28
11 10
11 11
11 12
11 25
11 26
12 10
12 11
12 12
13 4
14 4
14 21
15 12
15 16
15 27
16 17
16 27
17 3
17 31
18 7
18 17
19 7
19 18
19 22
20 13
20 30
21 30
22 22
22 23
22 24
23 8
23 9
23 22
23 23
23 24
24 6
24 13
24 20
24 22
24 23
24 24
25 2
25 14
25 20
25 22
25 23
25 24
25 32
26 1
26 14
27 16
28 5
30 16
232
0 7
0 9
0 10
0 19
0 28
1 1
1 3
1 5
1 23
1 30
1 32
1 34
2 13
2 14
2 17
2 21
2 25
2 26
2 27
2 31
3 5
3 6
3 9
3 16
3 21
4 0
4 3
4 8
4 10
4 11
4 13
4 14
4 21
4 26
4 29
4 31
5 10
5 18
5 20
5 24
5 26
5 31
5 33
6 4
6 6
6 21
6 22
6 33
7 0
7 1
7 9
7 12
7 15
7 29
7 31
7 33
8 4
8 13
8 22
8 23
8 26
8 28
9 5
9 7
9 18
9 30
9 34
10 2
10 4
10 7
10 15
10 19
10 23
10 26
10 32
11 0
11 7
11 17
11 20
11 21
11 24
11 28
11 30
11 33
12 3
12 13
12 33
13 5
13 16
13 19
13 25
13 27
13 30
13 32
14 14
14 22
14 24
14 34
15 0
15 3
15 17
15 23
15 25
15 32
15 33
16 0
16 4
16 5
16 10
16 14
16 19
16 24
16 30
17 6
17 8
17 10
17 24
17 26
17 28
18 4
18 10
18 15
18 20
18 24
18 29
18 30
18 34
19 1
19 2
19 9
19 11
19 17
19 31
19 34
20 0
20 10
20 12
20 20
21 2
21 4
21 7
21 9
21 15
21 18
21 29
22 1
22 21
22 31
23 1
23 4
23 6
23 10
23 13
23 14
23 17
23 27
23 34
24 2
24 8
24 11
24 15
24 19
24 27
24 30
24 32
25 0
25 4
25 16
25 27
25 29
26 6
26 8
26 11
26 12
26 21
26 30
27 1
27 3
27 5
27 19
27 22
27 25
27 33
27 34
28 1
28 12
28 13
28 28
28 30
29 1
29 3
29 8
29 10
29 14
29 16
29 24
30 3
30 5
30 8
30 13
30 20
30 21
30 23
30 24
30 26
30 31
30 34
31 13
31 18
31 25
31 28
31 29
32 3
32 7
32 8
32 9
32 13
32 17
32 20
32 21
33 0
33 2
33 4
33 11
33 29
33 31
33 33
34 6
34 15
34 24
34 25
34 27
0
0
10
5 22 100
29 12 100
4 28 100
30 6 100
12 32 100
22 2 100
18 6 100
16 28 100
22 15 100
12 19 100
54
5 28 8
29 6 8
4 27 8
30 7 8
3 29 8
31 5 8
11 31 8
23 3 8
12 20 8
22 14 8
11 18 8
23 16 8
29 11 8
5 23 8
6 27 6
28 7 6
3 28 6
31 6 6
12 31 6
22 3 6
13 33 6
21 1 6
13 18 6
21 16 6
18 5 6
16 29 6
19 6 6
15 28 6
19 5 6
15 29 6
17 7 6
17 27 6
18 8 6
16 26 6
6 28 3
28 6 3
5 29 3
29 5 3
3 27 3
31 7 3
12 30 3
22 4 3
14 31 3
20 3 3
10 31 3
24 3 3
18 28 3
16 6 3
17 29 3
17 5 3
22 16 3
12 18 3
23 15 3
11 19 3
7 7
27 27