21 21
97 244
ROTATIONAL
39
3 5
3 15
4 5
4 15
5 5
5 15
6 5
6 15
7 5
7 15
8 5
8 15
9 5
9 15
10 5
10 6
10 7
10 8
10 9
10 10
10 11
10 12
10 13
10 14
10 15
11 5
11 15
12 5
12 15
13 5
13 15
14 5
14 15
15 5
15 15
16 5
16 15
17 5
17 15
0
12
8 12
8 13
8 14
9 12
9 13
9 14
11 6
11 7
11 8
12 6
12 7
12 8
12
8 6
8 7
8 8
9 6
9 7
9 8
11 12
11 13
11 14
12 12
12 13
12 14
12
8 9
8 10
8 11
9 9
9 10
9 11
11 9
11 10
11 11
12 9
12 10
12 11
4
1 19 50
19 1 50
1 1 50
19 19 50
16
0 2 3
20 18 3
0 0 3
20 20 3
2 0 3
18 20 3
2 2 3
18 18 3
18 2 3
2 18 3
20 2 3
0 18 3
18 0 3
2 20 3
20 0 3
0 20 3
3 10
17 10