31 31
452 367
HORIZONTAL
142
0 15
0 16
1 14
1 15
1 16
1 17
2 14
2 17
2 18
3 13
3 14
3 18
3 19
3 20
4 13
4 19
4 20
4 21
5 13
5 21
5 22
6 3
6 4
6 5
6 6
6 7
6 8
6 13
6 22
7 2
7 3
7 8
7 9
7 12
7 13
7 23
7 24
8 2
8 9
8 10
8 11
8 12
8 24
8 25
9 2
9 3
9 25
9 26
10 3
10 4
10 5
10 26
10 27
11 4
11 5
11 27
11 28
12 2
12 3
12 4
12 28
13 1
13 2
13 28
13 29
14 2
14 3
14 29
14 30
15 3
15 4
15 5
15 30
16 2
16 3
16 29
16 30
17 1
17 2
17 28
17 29
18 2
18 3
18 4
18 28
19 4
19 5
19 27
19 28
20 3
20 4
20 5
20 26
20 27
21 2
21 3
21 25
21 26
22 2
22 9
22 10
22 11
22 12
22 24
22 25
23 2
23 3
23 8
23 9
23 12
23 13
23 23
23 24
24 3
24 4
24 5
24 6
24 7
24 8
24 13
24 22
25 13
25 21
25 22
26 13
26 19
26 20
26 21
27 13
27 14
27 18
27 19
27 20
28 14
28 17
28 18
29 14
29 15
29 16
29 17
30 15
30 16
464
0 0
0 1
0 2
0 3
0 4
0 5
0 6
0 7
0 8
0 9
0 10
0 11
0 12
0 13
0 14
0 17
0 18
0 19
0 20
0 21
0 22
0 23
0 24
0 25
0 26
0 27
0 28
0 29
0 30
1 0
1 1
1 2
1 3
1 4
1 5
1 6
1 7
1 8
1 9
1 10
1 11
1 12
1 13
1 18
1 19
1 20
1 21
1 22
1 23
1 24
1 25
1 26
1 27
1 28
1 29
1 30
2 0
2 1
2 2
2 3
2 4
2 5
2 6
2 7
2 8
2 9
2 10
2 11
2 12
2 13
2 19
2 20
2 21
2 22
2 23
2 24
2 25
2 26
2 27
2 28
2 29
2 30
3 0
3 1
3 2
3 3
3 4
3 5
3 6
3 7
3 8
3 9
3 10
3 11
3 12
3 21
3 22
3 23
3 24
3 25
3 26
3 27
3 28
3 29
3 30
4 0
4 1
4 2
4 3
4 4
4 5
4 6
4 7
4 8
4 9
4 10
4 11
4 12
4 22
4 23
4 24
4 25
4 26
4 27
4 28
4 29
4 30
5 0
5 1
5 2
5 3
5 4
5 5
5 6
5 7
5 8
5 9
5 10
5 11
5 12
5 23
5 24
5 25
5 26
5 27
5 28
5 29
5 30
6 0
6 1
6 2
6 9
6 10
6 11
6 12
6 23
6 24
6 25
6 26
6 27
6 28
6 29
6 30
7 0
7 1
7 10
7 11
7 25
7 26
7 27
7 28
7 29
7 30
8 0
8 1
8 26
8 27
8 28
8 29
8 30
9 0
9 1
9 27
9 28
9 29
9 30
10 0
10 1
10 2
10 14
10 15
10 16
10 28
10 29
10 30
11 0
11 1
11 2
11 3
11 13
11 14
11 15
11 16
11 17
11 29
11 30
12 0
12 1
12 12
12 13
12 14
12 15
12 18
12 29
12 30
13 0
13 12
13 13
13 14
13 15
13 18
13 30
14 0
14 1
14 13
14 14
14 15
14 16
14 17
15 0
15 1
15 2
15 14
15 15
15 16
16 0
16 1
16 13
16 14
16 15
16 16
16 17
17 0
17 12
17 13
17 14
17 15
17 18
17 30
18 0
18 1
18 12
18 13
18 14
18 15
18 18
18 29
18 30
19 0
19 1
19 2
19 3
19 13
19 14
19 15
19 16
19 17
19 29
19 30
20 0
20 1
20 2
20 14
20 15
20 16
20 28
20 29
20 30
21 0
21 1
21 27
21 28
21 29
21 30
22 0
22 1
22 26
22 27
22 28
22 29
22 30
23 0
23 1
23 10
23 11
23 25
23 26
23 27
23 28
23 29
23 30
24 0
24 1
24 2
24 9
24 10
24 11
24 12
24 23
24 24
24 25
24 26
24 27
24 28
24 29
24 30
25 0
25 1
25 2
25 3
25 4
25 5
25 6
25 7
25 8
25 9
25 10
25 11
25 12
25 23
25 24
25 25
25 26
25 27
25 28
25 29
25 30
26 0
26 1
26 2
26 3
26 4
26 5
26 6
26 7
26 8
26 9
26 10
26 11
26 12
26 22
26 23
26 24
26 25
26 26
26 27
26 28
26 29
26 30
27 0
27 1
27 2
27 3
27 4
27 5
27 6
27 7
27 8
27 9
27 10
27 11
27 12
27 21
27 22
27 23
27 24
27 25
27 26
27 27
27 28
27 29
27 30
28 0
28 1
28 2
28 3
28 4
28 5
28 6
28 7
28 8
28 9
28 10
28 11
28 12
28 13
28 19
28 20
28 21
28 22
28 23
28 24
28 25
28 26
28 27
28 28
28 29
28 30
29 0
29 1
29 2
29 3
29 4
29 5
29 6
29 7
29 8
29 9
29 10
29 11
29 12
29 13
29 18
29 19
29 20
29 21
29 22
29 23
29 24
29 25
29 26
29 27
29 28
29 29
29 30
30 0
30 1
30 2
30 3
30 4
30 5
30 6
30 7
30 8
30 9
30 10
30 11
30 12
30 13
30 14
30 17
30 18
30 19
30 20
30 21
30 22
30 23
30 24
30 25
30 26
30 27
30 28
30 29
30 30
18
10 25
11 25
11 26
12 25
12 26
12 27
13 25
13 26
13 27
17 25
17 26
17 27
18 25
18 26
18 27
19 25
19 26
20 25
20
5 19
5 20
6 21
7 22
8 23
9 24
12 16
12 17
13 16
13 17
17 16
17 17
18 16
18 17
21 24
22 23
23 22
24 21
25 19
25 20
17
7 5
9 4
10 6
10 10
12 8
13 5
14 7
14 10
15 8
16 7
16 10
17 5
18 8
20 6
20 10
21 4
23 5
5
15 29 50
8 3 50
22 3 50
13 3 50
17 3 50
43
7 4 3
23 4 3
9 6 3
21 6 3
9 5 3
21 5 3
13 4 3
17 4 3
14 5 3
16 5 3
18 6 3
12 6 3
8 6 6
22 6 6
7 6 6
23 6 6
12 5 6
18 5 6
13 6 6
17 6 6
14 6 6
16 6 6
19 6 6
11 6 6
8 4 8
22 4 8
8 5 8
22 5 8
14 4 8
16 4 8
15 6 6
14 28 6
16 28 6
15 28 6
15 27 6
14 27 6
16 27 6
15 25 6
14 26 6
16 26 6
15 26 6
14 25 6
16 25 6
28 16
2 16