31 31
884 438
ROTATIONAL
0
553
0 0
0 1
0 2
0 3
0 4
0 5
0 6
0 8
0 9
0 10
0 11
0 12
0 13
0 14
0 15
0 16
0 17
0 18
0 19
0 20
0 21
0 22
0 23
0 24
0 25
0 26
0 27
0 28
0 29
0 30
1 0
1 1
1 2
1 3
1 4
1 5
1 9
1 10
1 11
1 12
1 13
1 14
1 15
1 16
1 17
1 18
1 19
1 20
1 21
1 22
1 23
1 24
1 25
1 26
1 27
1 28
1 29
1 30
2 0
2 11
2 12
2 13
2 14
2 15
2 16
2 17
2 18
2 19
2 20
2 21
2 22
2 30
3 0
3 7
3 11
3 12
3 13
3 14
3 15
3 16
3 17
3 18
3 19
3 20
3 21
3 22
3 30
4 0
4 6
4 7
4 8
4 12
4 13
4 14
4 15
4 16
4 17
4 18
4 19
4 20
4 21
4 22
4 30
5 0
5 6
5 7
5 8
5 13
5 14
5 15
5 16
5 17
5 18
5 19
5 20
5 21
5 22
5 30
6 0
6 6
6 7
6 8
6 14
6 15
6 16
6 17
6 18
6 19
6 20
6 21
6 22
6 30
7 0
7 1
7 5
7 6
7 7
7 8
7 11
7 16
7 17
7 18
7 19
7 20
7 21
7 22
7 30
8 0
8 1
8 2
8 6
8 7
8 8
8 11
8 12
8 16
8 17
8 18
8 19
8 20
8 21
8 22
8 30
9 0
9 1
9 2
9 3
9 7
9 8
9 9
9 10
9 11
9 12
9 17
9 18
9 19
9 20
9 21
9 22
9 23
9 24
9 28
9 29
9 30
10 0
10 1
10 2
10 3
10 4
10 8
10 9
10 10
10 11
10 12
10 18
10 19
10 20
10 21
10 22
10 23
10 27
10 28
10 29
10 30
11 0
11 1
11 2
11 3
11 4
11 5
11 9
11 10
11 11
11 19
11 20
11 21
11 22
11 26
11 27
11 28
11 29
11 30
12 0
12 1
12 2
12 3
12 4
12 16
12 20
12 21
12 25
12 26
12 27
12 28
12 29
12 30
13 0
13 1
13 2
13 3
13 4
13 12
13 16
13 17
13 26
13 27
13 28
13 29
13 30
14 0
14 1
14 2
14 3
14 4
14 11
14 12
14 13
14 14
14 15
14 16
14 17
14 18
14 26
14 27
14 28
14 29
14 30
15 0
15 1
15 2
15 3
15 4
15 11
15 12
15 13
15 14
15 15
15 16
15 17
15 18
15 19
15 26
15 27
15 28
15 29
15 30
16 0
16 1
16 2
16 3
16 4
16 12
16 13
16 14
16 15
16 16
16 17
16 18
16 19
16 26
16 27
16 28
16 29
16 30
17 0
17 1
17 2
17 3
17 4
17 13
17 14
17 18
17 26
17 27
17 28
17 29
17 30
18 0
18 1
18 2
18 3
18 4
18 5
18 9
18 10
18 14
18 26
18 27
18 28
18 29
18 30
19 0
19 1
19 2
19 3
19 4
19 8
19 9
19 10
19 11
19 19
19 20
19 21
19 25
19 26
19 27
19 28
19 29
19 30
20 0
20 1
20 2
20 3
20 7
20 8
20 9
20 10
20 11
20 12
20 18
20 19
20 20
20 21
20 22
20 26
20 27
20 28
20 29
20 30
21 0
21 1
21 2
21 6
21 7
21 8
21 9
21 10
21 11
21 12
21 13
21 18
21 19
21 20
21 21
21 22
21 23
21 27
21 28
21 29
21 30
22 0
22 8
22 9
22 10
22 11
22 12
22 13
22 14
22 18
22 19
22 22
22 23
22 24
22 28
22 29
22 30
23 0
23 8
23 9
23 10
23 11
23 12
23 13
23 14
23 19
23 22
23 23
23 24
23 25
23 29
23 30
24 0
24 8
24 9
24 10
24 11
24 12
24 13
24 14
24 15
24 16
24 22
24 23
24 24
24 30
25 0
25 8
25 9
25 10
25 11
25 12
25 13
25 14
25 15
25 16
25 17
25 22
25 23
25 24
25 30
26 0
26 8
26 9
26 10
26 11
26 12
26 13
26 14
26 15
26 16
26 17
26 18
26 22
26 23
26 24
26 30
27 0
27 8
27 9
27 10
27 11
27 12
27 13
27 14
27 15
27 16
27 17
27 18
27 19
27 23
27 30
28 0
28 8
28 9
28 10
28 11
28 12
28 13
28 14
28 15
28 16
28 17
28 18
28 19
28 30
29 0
29 1
29 2
29 3
29 4
29 5
29 6
29 7
29 8
29 9
29 10
29 11
29 12
29 13
29 14
29 15
29 16
29 17
29 18
29 19
29 20
29 21
29 25
29 26
29 27
29 28
29 29
29 30
30 0
30 1
30 2
30 3
30 4
30 5
30 6
30 7
30 8
30 9
30 10
30 11
30 12
30 13
30 14
30 15
30 16
30 17
30 18
30 19
30 20
30 21
30 22
30 24
30 25
30 26
30 27
30 28
30 29
30 30
22
3 4
3 24
6 1
6 10
6 28
8 14
8 26
12 14
13 25
14 8
14 21
16 9
16 22
17 5
18 16
22 4
22 16
24 2
24 20
24 29
27 6
27 26
24
2 10
3 1
3 27
5 3
5 29
6 24
8 9
9 15
13 6
13 23
14 9
15 7
15 23
16 21
17 7
17 24
21 15
22 21
24 6
25 1
25 27
27 3
27 29
28 20
24
3 2
3 10
4 25
5 5
5 9
6 26
8 28
10 15
12 6
12 13
13 8
15 6
15 24
17 22
18 17
18 24
20 15
22 2
24 4
25 21
25 25
26 5
27 20
27 28
8
16 23 120
14 7 120
20 16 120
10 14 120
26 27 120
4 3 120
26 21 120
4 9 120
56
26 26 8
4 4 8
25 26 8
5 4 8
26 28 8
4 2 8
27 27 8
3 3 8
15 22 4
15 8 4
17 23 4
13 7 4
17 21 4
13 9 4
16 24 4
14 6 4
19 15 8
11 15 8
21 16 8
9 14 8
20 17 8
10 13 8
11 14 5
19 16 5
10 16 5
20 14 5
11 16 5
19 14 5
12 15 5
18 15 5
4 10 6
26 20 6
5 10 6
25 20 6
6 9 6
24 21 6
3 9 6
27 21 6
5 11 6
25 19 6
4 11 6
26 19 6
6 11 6
24 19 6
16 6 6
14 24 6
16 7 6
14 23 6
16 8 6
14 22 6
15 9 6
15 21 6
12 8 6
18 22 6
12 7 6
18 23 6
4 27
26 3