30 30
221 501
VERTICAL
104
8 6
8 7
8 8
8 9
8 10
8 11
8 12
8 17
8 18
8 19
8 20
8 21
8 22
8 23
9 2
9 6
9 7
9 8
9 9
9 10
9 11
9 12
9 17
9 18
9 19
9 20
9 21
9 22
9 23
9 27
10 2
10 6
10 7
10 8
10 9
10 10
10 11
10 12
10 17
10 18
10 19
10 20
10 21
10 22
10 23
10 27
11 2
11 27
12 2
12 27
13 2
13 27
14 2
14 27
15 2
15 27
16 2
16 27
17 2
17 9
17 10
17 19
17 20
17 27
18 2
18 9
18 10
18 19
18 20
18 27
19 2
19 9
19 10
19 19
19 20
19 27
21 4
21 5
21 24
21 25
22 4
22 5
22 13
22 14
22 15
22 16
22 24
22 25
23 4
23 5
23 13
23 14
23 15
23 16
23 24
23 25
24 4
24 5
24 13
24 14
24 15
24 16
24 24
24 25
20
13 11
13 12
13 13
13 14
13 15
13 16
13 17
13 18
14 11
14 12
14 13
14 14
14 15
14 16
14 17
14 18
17 14
17 15
18 14
18 15
8
3 8
3 21
14 5
14 24
15 12
15 17
23 1
23 28
6
5 12
5 17
20 12
20 17
27 13
27 16
4
0 10
0 19
12 1
12 28
4
11 20 80
11 9 80
3 3 80
3 26 80
12
12 19 6
12 10 6
12 21 6
12 8 6
11 8 4
11 21 4
11 10 4
11 19 4
12 9 3
12 20 3
4 3 8
4 26 8
23 7
23 22