30 30
253 610
ROTATIONAL
90
0 0
0 1
0 2
0 3
0 4
5 26
6 26
7 13
7 16
8 13
8 16
9 12
9 13
9 16
9 17
10 12
10 13
10 16
10 17
11 12
11 13
11 16
11 17
12 12
12 13
12 16
12 17
13 11
13 12
13 13
13 16
13 17
13 18
14 8
14 9
14 10
14 11
14 12
14 13
14 16
14 17
14 18
14 19
14 20
14 21
15 8
15 9
15 10
15 11
15 12
15 13
15 16
15 17
15 18
15 19
15 20
15 21
16 11
16 12
16 13
16 16
16 17
16 18
17 12
17 13
17 16
17 17
18 12
18 13
18 16
18 17
19 12
19 13
19 16
19 17
20 12
20 13
20 16
20 17
21 13
21 16
22 13
22 16
23 3
24 3
29 25
29 26
29 27
29 28
29 29
58
1 2
1 3
1 4
1 6
1 7
2 2
2 3
2 4
2 6
2 7
3 2
3 3
3 4
4 2
4 3
4 4
5 27
5 28
6 27
6 28
7 27
7 28
8 27
8 28
9 27
9 28
11 11
12 2
12 11
17 18
17 27
18 18
20 1
20 2
21 1
21 2
22 1
22 2
23 1
23 2
24 1
24 2
25 25
25 26
25 27
26 25
26 26
26 27
27 22
27 23
27 25
27 26
27 27
28 22
28 23
28 25
28 26
28 27
70
1 5
1 20
1 21
2 5
2 12
2 13
2 20
2 21
3 5
3 6
3 7
3 21
5 2
5 3
5 4
6 2
6 3
6 4
7 26
8 26
9 26
10 26
10 27
10 28
11 2
11 3
11 4
11 14
11 15
11 18
12 3
12 4
12 18
12 24
13 24
16 5
17 5
17 11
17 25
17 26
18 11
18 14
18 15
18 25
18 26
18 27
19 1
19 2
19 3
20 3
21 3
22 3
23 25
23 26
23 27
24 25
24 26
24 27
26 8
26 22
26 23
26 24
27 8
27 9
27 16
27 17
27 24
28 8
28 9
28 24
16
1 0
1 1
2 0
2 1
12 14
12 15
13 14
13 15
16 14
16 15
17 14
17 15
27 28
27 29
28 28
28 29
4
14 14
14 15
15 14
15 15
4
10 14 50
19 15 50
0 5 50
29 24 50
26
10 15 8
19 14 8
9 15 4
20 14 4
9 14 4
20 15 4
8 15 3
21 14 3
8 14 3
21 15 3
7 15 3
22 14 3
7 14 3
22 15 3
19 18 5
10 11 5
10 18 3
19 11 3
11 19 4
18 10 4
0 6 3
29 23 3
0 7 3
29 22 3
0 8 4
29 21 4
1 28
28 1