20 20
887 154
HORIZONTAL
108
0 2
0 6
0 10
0 12
0 15
0 19
1 2
1 3
1 8
1 13
1 16
1 17
2 1
2 5
2 6
2 10
2 12
2 18
3 7
3 14
3 16
4 0
4 1
4 4
4 12
4 13
4 18
5 4
5 6
5 8
5 14
5 16
6 2
6 10
6 14
6 17
6 19
7 1
7 4
7 8
7 12
8 5
8 6
8 11
8 14
8 15
8 18
9 0
9 3
9 7
9 9
9 12
9 16
9 19
10 0
10 3
10 7
10 9
10 12
10 16
10 19
11 5
11 6
11 11
11 14
11 15
11 18
12 1
12 4
12 8
12 12
13 2
13 10
13 14
13 17
13 19
14 4
14 6
14 8
14 14
14 16
15 0
15 1
15 4
15 12
15 13
15 18
16 7
16 14
16 16
17 1
17 5
17 6
17 10
17 12
17 18
18 2
18 3
18 8
18 13
18 16
18 17
19 2
19 6
19 10
19 12
19 15
19 19
18
9 4
9 5
9 6
9 8
9 10
9 11
9 13
9 14
9 15
10 4
10 5
10 6
10 8
10 10
10 11
10 13
10 14
10 15
14
0 14
2 15
3 9
4 14
5 7
6 9
6 13
13 9
13 13
14 7
15 14
16 9
17 15
19 14
10
0 7
0 8
3 6
4 5
8 7
11 7
15 5
16 6
19 7
19 8
10
1 14
2 8
3 8
5 11
5 12
14 11
14 12
16 8
17 8
18 14
4
5 1 50
14 1 50
6 18 50
13 18 50
62
4 2 3
15 2 3
5 2 3
14 2 3
4 3 3
15 3 3
5 3 3
14 3 3
6 3 3
13 3 3
7 3 3
12 3 3
7 2 3
12 2 3
6 1 3
13 1 3
6 0 3
13 0 3
5 0 3
14 0 3
7 0 3
12 0 3
3 0 3
16 0 3
3 1 3
16 1 3
3 2 3
16 2 3
3 3 3
16 3 3
5 19 3
14 19 3
5 18 3
14 18 3
5 17 3
14 17 3
7 17 3
12 17 3
7 18 3
12 18 3
7 19 3
12 19 3
7 16 3
12 16 3
6 16 3
13 16 3
4 17 3
15 17 3
4 16 3
15 16 3
4 19 3
15 19 3
8 17 3
11 17 3
8 16 3
11 16 3
8 19 3
11 19 3
9 18 3
10 18 3
9 17 3
10 17 3
1 11
18 11