25 25
75 316
ROTATIONAL
0
82
4 5
4 6
4 7
4 8
4 9
4 10
4 11
4 12
4 13
4 14
4 15
4 16
4 17
4 18
4 19
4 20
4 21
4 22
4 23
4 24
5 4
5 5
6 4
6 5
7 5
8 5
8 6
8 7
8 8
8 9
8 10
8 11
8 12
9 12
10 10
10 11
10 12
11 8
11 9
11 10
12 8
12 16
13 14
13 15
13 16
14 12
14 13
14 14
15 12
16 12
16 13
16 14
16 15
16 16
16 17
16 18
16 19
17 19
18 19
18 20
19 19
19 20
20 0
20 1
20 2
20 3
20 4
20 5
20 6
20 7
20 8
20 9
20 10
20 11
20 12
20 13
20 14
20 15
20 16
20 17
20 18
20 19
30
0 20
1 9
1 17
2 3
2 11
2 13
6 2
6 16
7 14
8 20
9 1
10 4
10 18
11 1
12 10
12 14
13 23
14 6
14 20
15 23
16 4
17 10
18 8
18 22
22 11
22 13
22 21
23 7
23 15
24 4
20
0 4
1 1
1 8
1 14
2 20
2 22
3 17
8 23
9 16
12 4
12 20
15 8
16 1
21 7
22 2
22 4
23 10
23 16
23 23
24 20
34
0 11
0 15
0 21
1 6
2 15
3 2
3 4
3 8
3 9
3 24
6 21
7 0
8 3
8 18
10 13
10 21
11 22
13 2
14 3
14 11
16 6
16 21
17 24
18 3
21 0
21 15
21 16
21 20
21 22
22 9
23 18
24 3
24 9
24 13
4
6 7 100
18 17 100
9 11 100
15 13 100
42
9 10 8
15 14 8
7 8 8
17 16 8
7 7 8
17 17 8
7 6 8
17 18 8
6 6 4
18 18 4
5 6 4
19 18 4
5 7 4
19 17 4
5 8 4
19 16 4
6 8 4
18 16 4
5 9 4
19 15 4
9 9 4
15 15 4
10 9 4
14 15 4
10 8 4
14 16 4
9 8 4
15 16 4
9 7 3
15 17 3
10 7 3
14 17 3
6 10 3
18 14 3
7 10 3
17 14 3
7 9 3
17 15 3
5 10 4
19 14 4
6 9 3
18 15 3
0 24
24 0