24 24
365 602
HORIZONTAL
66
0 0
0 1
0 2
0 3
0 4
0 19
0 20
0 21
0 22
0 23
1 0
1 1
1 2
1 3
1 20
1 21
1 22
1 23
2 0
2 1
2 2
2 21
2 22
2 23
3 0
3 1
3 22
3 23
4 0
4 23
9 12
10 12
11 12
12 12
13 12
14 12
19 0
19 23
20 0
20 1
20 22
20 23
21 0
21 1
21 2
21 21
21 22
21 23
22 0
22 1
22 2
22 3
22 20
22 21
22 22
22 23
23 0
23 1
23 2
23 3
23 4
23 19
23 20
23 21
23 22
23 23
12
9 11
9 13
10 11
10 13
11 11
11 13
12 11
12 13
13 11
13 13
14 11
14 13
10
11 16
11 17
11 18
11 19
11 20
12 16
12 17
12 18
12 19
12 20
10
11 4
11 5
11 6
11 7
11 8
12 4
12 5
12 6
12 7
12 8
18
0 8
0 9
0 10
0 11
0 12
0 13
0 14
0 15
0 16
23 8
23 9
23 10
23 11
23 12
23 13
23 14
23 15
23 16
4
12 23 50
11 23 50
12 0 50
11 0 50
54
10 1 8
13 1 8
11 3 5
12 3 5
10 2 5
13 2 5
9 1 5
14 1 5
8 0 5
15 0 5
10 0 4
13 0 4
11 1 4
12 1 4
11 2 4
12 2 4
9 0 4
14 0 4
8 1 3
15 1 3
10 3 3
13 3 3
7 0 3
16 0 3
9 2 3
14 2 3
10 23 3
13 23 3
10 22 3
13 22 3
12 22 3
11 22 3
9 23 3
14 23 3
9 22 3
14 22 3
8 23 3
15 23 3
11 21 3
12 21 3
8 22 3
15 22 3
8 21 3
15 21 3
9 21 3
14 21 3
10 21 3
13 21 3
9 20 3
14 20 3
10 20 3
13 20 3
7 23 3
16 23 3
18 12
5 12