29 29
582 907
ROTATIONAL
400
3 3
3 4
3 5
3 6
3 7
3 8
3 9
3 10
3 11
3 12
3 16
3 17
3 18
3 19
3 20
3 21
3 22
3 23
3 24
3 25
4 3
4 4
4 5
4 6
4 7
4 8
4 9
4 10
4 11
4 12
4 16
4 17
4 18
4 19
4 20
4 21
4 22
4 23
4 24
4 25
5 3
5 4
5 5
5 6
5 7
5 8
5 9
5 10
5 11
5 12
5 16
5 17
5 18
5 19
5 20
5 21
5 22
5 23
5 24
5 25
6 3
6 4
6 5
6 6
6 7
6 8
6 9
6 10
6 11
6 12
6 16
6 17
6 18
6 19
6 20
6 21
6 22
6 23
6 24
6 25
7 3
7 4
7 5
7 6
7 7
7 8
7 9
7 10
7 11
7 12
7 16
7 17
7 18
7 19
7 20
7 21
7 22
7 23
7 24
7 25
8 3
8 4
8 5
8 6
8 7
8 8
8 9
8 10
8 11
8 12
8 16
8 17
8 18
8 19
8 20
8 21
8 22
8 23
8 24
8 25
9 3
9 4
9 5
9 6
9 7
9 8
9 9
9 10
9 11
9 12
9 16
9 17
9 18
9 19
9 20
9 21
9 22
9 23
9 24
9 25
10 3
10 4
10 5
10 6
10 7
10 8
10 9
10 10
10 11
10 12
10 16
10 17
10 18
10 19
10 20
10 21
10 22
10 23
10 24
10 25
11 3
11 4
11 5
11 6
11 7
11 8
11 9
11 10
11 11
11 12
11 16
11 17
11 18
11 19
11 20
11 21
11 22
11 23
11 24
11 25
12 3
12 4
12 5
12 6
12 7
12 8
12 9
12 10
12 11
12 12
12 16
12 17
12 18
12 19
12 20
12 21
12 22
12 23
12 24
12 25
16 3
16 4
16 5
16 6
16 7
16 8
16 9
16 10
16 11
16 12
16 16
16 17
16 18
16 19
16 20
16 21
16 22
16 23
16 24
16 25
17 3
17 4
17 5
17 6
17 7
17 8
17 9
17 10
17 11
17 12
17 16
17 17
17 18
17 19
17 20
17 21
17 22
17 23
17 24
17 25
18 3
18 4
18 5
18 6
18 7
18 8
18 9
18 10
18 11
18 12
18 16
18 17
18 18
18 19
18 20
18 21
18 22
18 23
18 24
18 25
19 3
19 4
19 5
19 6
19 7
19 8
19 9
19 10
19 11
19 12
19 16
19 17
19 18
19 19
19 20
19 21
19 22
19 23
19 24
19 25
20 3
20 4
20 5
20 6
20 7
20 8
20 9
20 10
20 11
20 12
20 16
20 17
20 18
20 19
20 20
20 21
20 22
20 23
20 24
20 25
21 3
21 4
21 5
21 6
21 7
21 8
21 9
21 10
21 11
21 12
21 16
21 17
21 18
21 19
21 20
21 21
21 22
21 23
21 24
21 25
22 3
22 4
22 5
22 6
22 7
22 8
22 9
22 10
22 11
22 12
22 16
22 17
22 18
22 19
22 20
22 21
22 22
22 23
22 24
22 25
23 3
23 4
23 5
23 6
23 7
23 8
23 9
23 10
23 11
23 12
23 16
23 17
23 18
23 19
23 20
23 21
23 22
23 23
23 24
23 25
24 3
24 4
24 5
24 6
24 7
24 8
24 9
24 10
24 11
24 12
24 16
24 17
24 18
24 19
24 20
24 21
24 22
24 23
24 24
24 25
25 3
25 4
25 5
25 6
25 7
25 8
25 9
25 10
25 11
25 12
25 16
25 17
25 18
25 19
25 20
25 21
25 22
25 23
25 24
25 25
0
32
0 5
0 9
0 21
0 25
2 3
2 7
2 19
2 23
3 0
3 28
5 2
5 26
7 0
7 28
9 2
9 26
19 2
19 26
21 0
21 28
23 2
23 26
25 0
25 28
26 5
26 9
26 21
26 25
28 3
28 7
28 19
28 23
28
0 3
0 7
0 19
0 23
2 5
2 9
2 21
2 25
5 14
6 14
7 14
8 14
9 14
10 14
18 14
19 14
20 14
21 14
22 14
23 14
26 3
26 7
26 19
26 23
28 5
28 9
28 21
28 25
26
3 2
5 0
5 28
7 2
7 26
9 0
9 28
14 5
14 6
14 7
14 8
14 9
14 10
14 18
14 19
14 20
14 21
14 22
14 23
19 0
19 28
21 2
21 26
23 0
23 28
25 26
5
14 14 100
1 14 100
27 14 100
14 1 100
14 27 100
64
13 15 8
15 13 8
13 13 8
15 15 8
13 14 8
15 14 8
14 13 8
14 15 8
0 15 4
28 13 4
2 15 4
26 13 4
2 14 4
26 14 4
2 13 4
26 15 4
0 13 4
28 15 4
0 14 4
28 14 4
0 16 3
28 12 3
1 16 3
27 12 3
2 16 3
26 12 3
0 12 3
28 16 3
1 12 3
27 16 3
2 12 3
26 16 3
12 28 3
16 0 3
12 27 3
16 1 3
12 26 3
16 2 3
16 26 3
12 2 3
16 27 3
12 1 3
16 28 3
12 0 3
13 26 4
15 2 4
14 26 4
14 2 4
15 26 4
13 2 4
15 28 4
13 0 4
14 28 4
14 0 4
13 28 4
15 0 4
13 27 6
15 1 6
15 27 6
13 1 6
27 13 6
1 15 6
27 15 6
1 13 6
1 27
27 1