27 27
647 126
ROTATIONAL
217
4 10
4 11
4 12
4 13
4 14
4 15
4 16
5 10
5 11
5 12
5 13
5 14
5 15
5 16
6 10
6 11
6 12
6 13
6 14
6 15
6 16
7 10
7 11
7 12
7 13
7 14
7 15
7 16
8 10
8 11
8 12
8 13
8 14
8 15
8 16
9 10
9 11
9 12
9 13
9 14
9 15
9 16
10 4
10 5
10 6
10 7
10 8
10 9
10 10
10 11
10 12
10 13
10 14
10 15
10 16
10 17
10 18
10 19
10 20
10 21
10 22
11 4
11 5
11 6
11 7
11 8
11 9
11 10
11 11
11 12
11 13
11 14
11 15
11 16
11 17
11 18
11 19
11 20
11 21
11 22
12 4
12 5
12 6
12 7
12 8
12 9
12 10
12 11
12 12
12 13
12 14
12 15
12 16
12 17
12 18
12 19
12 20
12 21
12 22
13 4
13 5
13 6
13 7
13 8
13 9
13 10
13 11
13 12
13 13
13 14
13 15
13 16
13 17
13 18
13 19
13 20
13 21
13 22
14 4
14 5
14 6
14 7
14 8
14 9
14 10
14 11
14 12
14 13
14 14
14 15
14 16
14 17
14 18
14 19
14 20
14 21
14 22
15 4
15 5
15 6
15 7
15 8
15 9
15 10
15 11
15 12
15 13
15 14
15 15
15 16
15 17
15 18
15 19
15 20
15 21
15 22
16 4
16 5
16 6
16 7
16 8
16 9
16 10
16 11
16 12
16 13
16 14
16 15
16 16
16 17
16 18
16 19
16 20
16 21
16 22
17 10
17 11
17 12
17 13
17 14
17 15
17 16
18 10
18 11
18 12
18 13
18 14
18 15
18 16
19 10
19 11
19 12
19 13
19 14
19 15
19 16
20 10
20 11
20 12
20 13
20 14
20 15
20 16
21 10
21 11
21 12
21 13
21 14
21 15
21 16
22 10
22 11
22 12
22 13
22 14
22 15
22 16
40
0 23
0 24
0 25
0 26
1 23
1 24
1 25
1 26
2 23
2 24
2 25
2 26
3 23
3 24
3 25
3 26
4 23
4 24
4 25
4 26
22 0
22 1
22 2
22 3
23 0
23 1
23 2
23 3
24 0
24 1
24 2
24 3
25 0
25 1
25 2
25 3
26 0
26 1
26 2
26 3
18
0 2
1 2
2 0
2 1
2 2
7 24
7 25
8 24
8 25
18 1
18 2
19 1
19 2
24 24
24 25
24 26
25 24
26 24
14
1 6
1 10
1 11
2 10
2 11
4 4
7 2
19 24
22 22
24 15
24 16
25 15
25 16
25 20
16
0 9
1 17
1 18
2 17
2 18
3 7
7 4
10 1
16 25
19 22
23 19
24 8
24 9
25 8
25 9
26 17
2
9 17 100
17 9 100
16
8 17 3
18 9 3
8 18 3
18 8 3
9 18 3
17 8 3
7 17 3
19 9 3
7 18 3
19 8 3
8 19 3
18 7 3
9 19 3
17 7 3
7 19 3
19 7 3
17 17
9 9