23 23
854 734
ROTATIONAL
88
0 10
0 14
1 7
1 8
1 16
2 2
2 7
2 8
2 19
3 8
3 12
3 17
3 18
4 3
4 6
4 15
5 8
6 2
6 8
6 13
7 6
7 9
7 10
7 18
7 19
8 1
8 4
8 6
8 9
8 10
8 15
9 1
9 3
9 4
9 11
9 12
9 14
10 1
10 3
10 4
10 8
10 11
11 6
11 8
11 14
11 16
12 11
12 14
12 18
12 19
12 21
13 8
13 10
13 11
13 18
13 19
13 21
14 7
14 12
14 13
14 16
14 18
14 21
15 3
15 4
15 12
15 13
15 16
16 9
16 14
16 20
17 14
18 7
18 16
18 19
19 4
19 5
19 10
19 14
20 3
20 14
20 15
20 20
21 6
21 14
21 15
22 8
22 12
20
0 22
1 22
2 22
3 22
4 22
5 22
6 22
7 22
8 22
9 22
13 0
14 0
15 0
16 0
17 0
18 0
19 0
20 0
21 0
22 0
22
1 5
2 10
2 14
5 1
5 4
5 18
6 15
6 17
9 7
9 18
10 20
12 2
13 4
13 15
16 5
16 7
17 4
17 18
17 21
20 8
20 12
21 17
20
1 18
3 5
3 6
3 14
4 20
8 3
8 13
8 20
10 9
10 16
12 6
12 13
14 2
14 9
14 19
18 2
19 8
19 16
19 17
21 4
18
0 11
1 17
3 15
4 17
6 3
6 6
7 16
10 5
11 9
11 13
12 17
15 6
16 16
16 19
18 5
19 7
21 5
22 11
2
16 11 100
6 11 100
24
6 10 6
16 12 6
5 10 6
17 12 6
5 11 6
17 11 6
5 12 6
17 10 6
6 12 6
16 10 6
7 12 6
15 10 6
7 11 6
15 11 6
6 9 3
16 13 3
5 9 3
17 13 3
4 9 3
18 13 3
4 10 3
18 12 3
4 11 3
18 11 3
1 1
21 21