31 21
318 561
ROTATIONAL
42
7 0
7 1
7 2
7 3
7 4
7 5
7 6
7 7
7 8
7 9
7 10
7 11
7 12
7 13
7 14
7 15
7 16
7 17
7 18
7 19
7 20
23 0
23 1
23 2
23 3
23 4
23 5
23 6
23 7
23 8
23 9
23 10
23 11
23 12
23 13
23 14
23 15
23 16
23 17
23 18
23 19
23 20
0
4
11 18
12 18
18 2
19 2
4
11 2
12 2
18 18
19 18
4
15 7
15 8
15 12
15 13
6
10 10 50
20 10 50
1 10 50
29 10 50
3 10 50
27 10 50
30
9 11 8
21 9 8
9 9 8
21 11 8
11 11 8
19 9 8
11 9 8
19 11 8
10 8 4
20 12 4
10 12 4
20 8 4
12 10 4
18 10 4
9 10 4
21 10 4
10 11 4
20 9 4
11 10 4
19 10 4
10 9 4
20 11 4
12 11 3
18 9 3
12 9 3
18 11 3
11 12 3
19 8 3
11 8 3
19 12 3
15 2
15 18