31 31
968 743
VERTICAL
66
5 5
5 6
5 7
5 8
5 9
5 10
5 11
5 19
5 20
5 21
5 22
5 23
5 24
5 25
6 5
6 25
7 5
7 25
8 5
8 25
9 5
9 25
10 5
10 25
11 5
11 25
12 5
12 25
13 5
13 25
14 5
14 25
15 5
15 25
16 5
16 25
17 5
17 25
18 5
18 25
19 5
19 25
20 5
20 25
21 5
21 25
22 5
22 25
23 5
23 25
24 5
24 25
25 5
25 6
25 7
25 8
25 9
25 10
25 11
25 19
25 20
25 21
25 22
25 23
25 24
25 25
0
38
6 2
6 28
7 2
7 28
8 2
8 28
9 2
9 28
10 2
10 28
11 2
11 28
12 2
12 28
13 2
13 28
14 2
14 28
15 2
15 28
16 2
16 28
17 2
17 28
18 2
18 28
19 2
19 28
20 2
20 28
21 2
21 28
22 2
22 28
23 2
23 28
24 2
24 28
38
6 1
6 29
7 1
7 29
8 1
8 29
9 1
9 29
10 1
10 29
11 1
11 29
12 1
12 29
13 1
13 29
14 1
14 29
15 1
15 29
16 1
16 29
17 1
17 29
18 1
18 29
19 1
19 29
20 1
20 29
21 1
21 29
22 1
22 29
23 1
23 29
24 1
24 29
38
6 0
6 30
7 0
7 30
8 0
8 30
9 0
9 30
10 0
10 30
11 0
11 30
12 0
12 30
13 0
13 30
14 0
14 30
15 0
15 30
16 0
16 30
17 0
17 30
18 0
18 30
19 0
19 30
20 0
20 30
21 0
21 30
22 0
22 30
23 0
23 30
24 0
24 30
4
2 1 100
2 29 100
28 1 100
28 29 100
24
3 2 3
3 28 3
1 1 3
1 29 3
3 0 3
3 30 3
27 0 3
27 30 3
29 0 3
29 30 3
29 1 3
29 29 3
29 2 3
29 28 3
28 2 3
28 28 3
27 2 3
27 28 3
2 2 3
2 28 3
1 2 3
1 28 3
1 0 3
1 30 3
15 24
15 6