35 25
115 544
HORIZONTAL
96
2 1
2 16
2 17
2 18
2 19
3 2
3 16
3 17
3 18
3 19
4 3
4 4
4 23
5 5
6 6
8 15
8 16
9 4
9 5
9 6
9 15
9 16
10 4
10 5
10 6
10 15
10 16
11 4
11 5
11 6
11 15
11 16
15 10
15 12
15 14
15 21
15 23
16 3
16 4
16 5
16 6
16 11
16 13
16 22
17 3
17 4
17 5
17 6
17 10
17 12
17 14
17 22
18 3
18 4
18 5
18 6
18 11
18 13
18 22
19 10
19 12
19 14
19 21
19 23
23 4
23 5
23 6
23 15
23 16
24 4
24 5
24 6
24 15
24 16
25 4
25 5
25 6
25 15
25 16
26 15
26 16
28 6
29 5
30 3
30 4
30 23
31 2
31 16
31 17
31 18
31 19
32 1
32 16
32 17
32 18
32 19
84
0 23
0 24
1 23
1 24
3 8
3 9
3 10
3 11
3 12
4 8
4 9
4 11
4 12
5 8
5 10
5 12
6 8
6 9
6 10
6 11
6 12
6 21
8 23
9 19
9 22
9 23
10 19
10 22
10 23
11 19
11 22
11 23
12 9
12 19
12 22
12 23
13 9
13 19
14 9
14 19
15 15
15 16
19 15
19 16
20 9
20 19
21 9
21 19
22 9
22 19
22 22
22 23
23 19
23 22
23 23
24 19
24 22
24 23
25 19
25 22
25 23
26 23
28 8
28 9
28 10
28 11
28 12
28 21
29 8
29 10
29 12
30 8
30 9
30 11
30 12
31 8
31 9
31 10
31 11
31 12
33 23
33 24
34 23
34 24
27
0 16
1 9
1 12
3 22
4 15
6 0
6 19
9 9
9 11
11 2
11 21
13 18
14 3
17 18
20 3
21 18
23 2
23 21
25 9
25 11
28 0
28 19
30 15
31 22
33 9
33 12
34 16
23
0 20
1 6
1 14
6 14
6 17
7 2
9 20
10 18
11 11
13 6
15 17
17 1
19 17
21 6
23 11
24 18
25 20
27 2
28 14
28 17
33 6
33 14
34 20
26
0 10
2 20
2 21
4 10
4 18
5 9
5 11
7 4
8 1
8 10
8 18
8 22
13 1
21 1
26 1
26 10
26 18
26 22
27 4
29 9
29 11
30 10
30 18
32 20
32 21
34 10
3
17 23 50
16 14 50
18 14 50
12
15 13 8
19 13 8
16 15 6
18 15 6
17 15 6
16 23 5
18 23 5
15 24 6
19 24 6
16 24 6
18 24 6
17 24 6
3 3
31 3