31 23
934 689
ROTATIONAL
137
0 3
0 11
0 15
1 3
1 11
1 15
2 3
2 11
2 15
3 3
3 4
3 5
3 6
3 7
3 11
3 15
3 19
3 20
3 21
3 22
4 7
4 15
5 7
5 15
6 7
6 15
7 0
7 1
7 2
7 3
7 7
7 11
7 12
7 13
7 14
7 15
7 19
8 7
8 11
8 19
9 7
9 11
9 19
10 7
10 11
10 19
11 3
11 4
11 5
11 6
11 7
11 11
11 15
11 16
11 17
11 18
11 19
12 3
12 15
13 3
13 15
14 3
14 15
15 3
15 7
15 8
15 9
15 10
15 11
15 12
15 13
15 14
15 15
15 19
16 7
16 19
17 7
17 19
18 7
18 19
19 3
19 4
19 5
19 6
19 7
19 11
19 15
19 16
19 17
19 18
19 19
20 3
20 11
20 15
21 3
21 11
21 15
22 3
22 11
22 15
23 3
23 7
23 8
23 9
23 10
23 11
23 15
23 19
23 20
23 21
23 22
24 7
24 15
25 7
25 15
26 7
26 15
27 0
27 1
27 2
27 3
27 7
27 11
27 15
27 16
27 17
27 18
27 19
28 7
28 11
28 19
29 7
29 11
29 19
30 7
30 11
30 19
0
12
1 5
5 1
5 13
9 5
13 1
13 17
17 5
17 21
21 17
25 9
25 21
29 17
12
1 17
5 5
5 21
13 9
13 13
13 21
17 1
17 9
17 13
25 1
25 17
29 5
16
1 9
5 9
5 17
9 1
9 9
9 17
9 21
13 5
17 17
21 1
21 5
21 13
21 21
25 5
25 13
29 13
6
1 13 80
29 9 80
9 13 80
21 9 80
1 21 80
29 1 80
48
0 12 3
30 10 3
1 12 3
29 10 3
2 12 3
28 10 3
2 13 3
28 9 3
2 14 3
28 8 3
1 14 3
29 8 3
0 14 3
30 8 3
0 13 3
30 9 3
8 12 3
22 10 3
9 12 3
21 10 3
10 12 3
20 10 3
10 13 3
20 9 3
10 14 3
20 8 3
9 14 3
21 8 3
8 14 3
22 8 3
8 13 3
22 9 3
0 20 3
30 2 3
1 20 3
29 2 3
2 20 3
28 2 3
2 21 3
28 1 3
2 22 3
28 0 3
1 22 3
29 0 3
0 22 3
30 0 3
0 21 3
30 1 3
1 1
29 21