35 30
740 761
HORIZONTAL
146
1 17
1 18
1 19
1 22
1 23
1 24
1 27
1 28
1 29
2 18
2 19
2 23
2 24
2 28
2 29
3 17
3 18
3 19
3 22
3 23
3 24
3 27
3 28
3 29
6 22
6 23
6 24
7 23
7 24
8 22
8 23
8 24
11 17
11 18
11 19
11 22
11 23
11 24
11 27
11 28
11 29
12 18
12 19
12 23
12 24
12 28
12 29
13 17
13 18
13 19
13 22
13 23
13 24
13 27
13 28
13 29
15 0
15 1
16 0
16 1
16 2
16 3
16 17
16 18
16 19
16 27
16 28
16 29
17 0
17 1
17 2
17 3
17 4
17 5
17 18
17 19
17 28
17 29
18 0
18 1
18 2
18 3
18 17
18 18
18 19
18 27
18 28
18 29
19 0
19 1
21 17
21 18
21 19
21 22
21 23
21 24
21 27
21 28
21 29
22 18
22 19
22 23
22 24
22 28
22 29
23 17
23 18
23 19
23 22
23 23
23 24
23 27
23 28
23 29
26 22
26 23
26 24
27 23
27 24
28 22
28 23
28 24
31 17
31 18
31 19
31 22
31 23
31 24
31 27
31 28
31 29
32 18
32 19
32 23
32 24
32 28
32 29
33 17
33 18
33 19
33 22
33 23
33 24
33 27
33 28
33 29
6
17 7
17 8
17 9
17 12
17 13
17 14
10
2 4
2 14
7 9
12 3
12 13
22 3
22 13
27 9
32 4
32 14
10
2 7
2 10
7 13
12 0
12 6
22 0
22 6
27 13
32 7
32 10
12
2 1
2 13
7 1
7 5
12 9
12 11
22 9
22 11
27 1
27 5
32 1
32 13
5
7 18 100
27 18 100
7 28 100
27 28 100
17 23 100
35
6 17 3
28 17 3
6 18 3
28 18 3
8 18 3
26 18 3
8 17 3
26 17 3
8 19 3
26 19 3
7 19 3
27 19 3
6 19 3
28 19 3
8 29 8
26 29 8
7 29 8
27 29 8
6 29 8
28 29 8
6 27 3
28 27 3
8 27 3
26 27 3
8 28 3
26 28 3
6 28 3
28 28 3
16 22 6
18 22 6
16 23 6
18 23 6
16 24 6
18 24 6
17 24 6
0 0
34 0