27 27
485 601
ROTATIONAL
104
0 23
1 23
2 23
3 23
4 8
4 9
4 10
4 11
4 12
4 13
4 14
4 23
5 7
5 8
5 9
5 15
5 16
5 23
6 6
6 7
6 17
6 23
7 5
7 6
7 18
7 23
8 4
8 5
8 18
8 23
9 4
9 18
9 23
10 4
10 11
10 12
10 18
10 23
11 3
11 4
11 9
11 10
11 11
11 18
11 23
12 3
12 8
12 9
12 18
12 23
13 3
13 8
13 18
13 23
14 3
14 8
14 17
14 18
14 23
15 3
15 8
15 15
15 16
15 17
15 22
15 23
16 3
16 8
16 14
16 15
16 22
17 3
17 8
17 22
18 3
18 8
18 21
18 22
19 3
19 8
19 20
19 21
20 3
20 9
20 19
20 20
21 3
21 10
21 11
21 17
21 18
21 19
22 3
22 12
22 13
22 14
22 15
22 16
22 17
22 18
23 3
24 3
25 3
26 3
31
0 24
0 25
0 26
1 9
1 15
1 24
1 25
1 26
2 12
2 20
2 24
2 25
2 26
4 4
12 14
13 13
14 12
22 22
24 0
24 1
24 2
24 6
24 14
25 0
25 1
25 2
25 11
25 17
26 0
26 1
26 2
36
1 3
1 18
3 24
4 17
4 24
5 25
6 1
6 10
6 11
6 25
7 15
7 26
8 9
8 26
9 15
10 6
11 16
13 6
13 20
15 10
16 20
17 11
18 0
18 17
19 0
19 11
20 1
20 15
20 16
20 25
21 1
22 2
22 9
23 2
25 8
25 23
34
1 0
3 9
3 16
4 6
7 12
7 13
7 24
8 11
8 20
8 24
9 8
9 16
9 25
10 25
11 26
12 12
12 26
14 0
14 14
15 0
16 1
17 1
17 10
17 18
18 2
18 6
18 15
19 2
19 13
19 14
22 20
23 10
23 17
25 26
30
0 12
1 6
6 21
7 2
8 8
9 13
10 0
10 21
11 0
11 24
12 1
12 6
12 24
13 1
13 10
13 16
13 25
14 2
14 20
14 25
15 2
15 26
16 5
16 26
17 13
18 18
19 24
20 5
25 20
26 14
4
7 10 100
19 16 100
11 15 100
15 11 100
20
18 16 3
8 10 3
17 16 3
9 10 3
19 18 3
7 8 3
20 14 3
6 12 3
20 13 3
6 13 3
13 15 3
13 11 3
10 15 3
16 11 3
10 16 3
16 10 3
11 14 3
15 12 3
14 10 3
12 16 3
2 2
24 24