33 33
154 864
ROTATIONAL
80
0 0
0 1
0 2
0 3
0 4
0 5
0 6
0 7
0 8
0 9
1 0
1 1
1 2
1 3
1 4
1 5
1 6
2 0
2 1
2 2
2 3
3 0
3 1
3 32
4 0
4 32
5 0
5 32
6 0
6 32
7 0
7 32
8 0
8 32
9 0
9 32
10 32
11 32
12 32
13 32
19 0
20 0
21 0
22 0
23 0
23 32
24 0
24 32
25 0
25 32
26 0
26 32
27 0
27 32
28 0
28 32
29 0
29 31
29 32
30 29
30 30
30 31
30 32
31 26
31 27
31 28
31 29
31 30
31 31
31 32
32 23
32 24
32 25
32 26
32 27
32 28
32 29
32 30
32 31
32 32
52
2 28
2 29
2 30
2 31
2 32
5 24
6 24
7 24
8 24
9 24
10 24
11 24
12 24
14 30
14 31
14 32
15 5
15 6
15 7
15 8
15 9
15 10
15 11
15 12
15 13
15 14
17 18
17 19
17 20
17 21
17 22
17 23
17 24
17 25
17 26
17 27
18 0
18 1
18 2
20 8
21 8
22 8
23 8
24 8
25 8
26 8
27 8
30 0
30 1
30 2
30 3
30 4
24
3 17
3 19
4 18
5 15
5 21
6 16
6 20
7 15
7 21
8 18
9 17
9 19
23 13
23 15
24 14
25 11
25 17
26 12
26 16
27 11
27 17
28 14
29 13
29 15
22
1 16
1 18
1 20
3 14
3 21
5 22
8 22
9 14
9 21
11 16
11 19
21 13
21 16
23 11
23 18
24 10
27 10
29 11
29 18
31 12
31 14
31 16
0
4
8 6 50
24 26 50
24 5 50
8 27 50
130
6 27 3
26 5 3
6 29 3
26 3 3
8 29 3
24 3 3
9 26 3
23 6 3
11 28 3
21 4 3
7 25 3
25 7 3
10 8 8
22 24 8
6 8 8
26 24 8
6 4 8
26 28 8
10 4 8
22 28 8
8 2 8
24 30 8
4 6 8
28 26 8
12 6 8
20 26 8
8 10 8
24 22 8
6 26 5
26 6 5
6 28 5
26 4 5
9 29 5
23 3 5
11 27 5
21 5 5
10 26 5
22 6 5
7 28 4
25 4 4
8 28 4
24 4 4
9 28 4
23 4 4
9 27 4
23 5 4
8 26 4
24 6 4
7 26 4
25 6 4
7 27 4
25 5 4
10 28 6
22 4 6
7 29 6
25 3 6
8 25 6
24 7 6
9 25 6
23 7 6
7 6 2
25 26 2
7 7 2
25 25 2
8 7 2
24 25 2
9 7 2
23 25 2
9 6 2
23 26 2
8 5 2
24 27 2
7 5 2
25 27 2
9 5 2
23 27 2
9 4 2
23 28 2
8 4 2
24 28 2
7 4 2
25 28 2
6 5 2
26 27 2
6 6 2
26 26 2
6 7 2
26 25 2
7 8 2
25 24 2
8 8 2
24 24 2
9 8 2
23 24 2
10 7 2
22 25 2
10 6 2
22 26 2
10 5 2
22 27 2
9 3 2
23 29 2
8 3 2
24 29 2
7 3 2
25 29 2
5 5 2
27 27 2
5 6 2
27 26 2
5 7 2
27 25 2
7 9 2
25 23 2
8 9 2
24 23 2
9 9 2
23 23 2
11 7 2
21 25 2
11 6 2
21 26 2
11 5 2
21 27 2
8 30 8
24 2 8
10 27 3
22 5 3
10 29 4
22 3 4
6 18
26 14