30 20
741 631
HORIZONTAL
0
114
1 4
1 8
1 9
1 12
2 8
2 9
2 17
3 1
3 2
3 8
3 9
4 4
4 5
4 8
4 9
4 13
4 14
4 15
5 4
5 5
5 14
5 15
6 4
6 5
7 8
7 11
7 16
7 18
8 1
8 2
8 8
8 11
8 12
8 16
8 18
10 4
10 5
10 14
11 4
11 5
11 8
11 12
11 13
11 14
11 17
12 4
12 5
13 13
13 19
14 1
14 5
14 6
14 7
14 10
14 11
14 16
14 19
15 1
15 5
15 6
15 7
15 10
15 11
15 16
15 19
16 13
16 19
17 4
17 5
18 4
18 5
18 8
18 12
18 13
18 14
18 17
19 4
19 5
19 14
21 1
21 2
21 8
21 11
21 12
21 16
21 18
22 8
22 11
22 16
22 18
23 4
23 5
24 4
24 5
24 14
24 15
25 4
25 5
25 8
25 9
25 13
25 14
25 15
26 1
26 2
26 8
26 9
27 8
27 9
27 17
28 4
28 8
28 9
28 12
18
2 6
3 11
4 17
6 7
8 19
10 2
10 6
12 17
14 2
15 2
17 17
19 2
19 6
21 19
23 7
25 17
26 11
27 6
22
0 7
1 18
2 13
5 13
5 17
8 5
8 14
10 0
11 0
13 15
14 4
15 4
16 15
18 0
19 0
21 5
21 14
24 13
24 17
27 13
28 18
29 7
18
1 2
3 18
6 9
6 15
7 0
8 10
9 18
11 15
12 1
17 1
18 15
20 18
21 10
22 0
23 9
23 15
26 18
28 2
4
5 2 100
24 2 100
12 10 100
17 10 100
66
4 3 8
25 3 8
5 3 8
24 3 8
6 3 8
23 3 8
4 2 8
25 2 8
4 1 8
25 1 8
5 1 8
24 1 8
6 1 8
23 1 8
6 2 8
23 2 8
3 3 4
26 3 4
7 3 4
22 3 4
11 9 4
18 9 4
11 10 4
18 10 4
11 11 4
18 11 4
12 11 4
17 11 4
13 11 4
16 11 4
13 10 4
16 10 4
12 9 4
17 9 4
13 9 4
16 9 4
15 9 4
14 9 4
12 12 4
17 12 4
14 12 4
15 12 4
13 12 4
16 12 4
10 11 3
19 11 3
10 10 3
19 10 3
10 9 3
19 9 3
10 8 3
19 8 3
12 8 3
17 8 3
13 8 3
16 8 3
15 8 3
14 8 3
12 13 3
17 13 3
15 13 3
14 13 3
10 12 3
19 12 3
10 13 3
19 13 3
1 15
28 15