35 25
721 788
HORIZONTAL
257
4 4
4 5
4 6
4 7
4 8
4 9
4 15
4 16
4 17
4 18
4 19
4 20
5 4
5 5
5 6
5 7
5 8
5 9
5 15
5 16
5 17
5 18
5 19
5 20
6 4
6 5
6 6
6 7
6 8
6 9
6 15
6 16
6 17
6 18
6 19
6 20
7 4
7 5
7 6
7 7
7 8
7 9
7 15
7 16
7 17
7 18
7 19
7 20
8 4
8 5
8 6
8 7
8 8
8 9
8 15
8 16
8 17
8 18
8 19
8 20
9 4
9 5
9 6
9 7
9 8
9 9
9 15
9 16
9 17
9 18
9 19
9 20
10 4
10 9
10 15
10 20
11 4
11 9
11 15
11 20
12 4
12 20
13 4
13 20
14 4
14 20
15 4
15 5
15 6
15 7
15 8
15 9
15 10
15 11
15 12
15 13
15 14
15 15
15 16
15 17
15 18
15 19
15 20
16 4
16 5
16 6
16 7
16 8
16 9
16 10
16 11
16 12
16 13
16 14
16 15
16 16
16 17
16 18
16 19
16 20
17 4
17 5
17 6
17 7
17 8
17 9
17 10
17 11
17 12
17 13
17 14
17 15
17 16
17 17
17 18
17 19
17 20
18 4
18 5
18 6
18 7
18 8
18 9
18 10
18 11
18 12
18 13
18 14
18 15
18 16
18 17
18 18
18 19
18 20
19 4
19 5
19 6
19 7
19 8
19 9
19 10
19 11
19 12
19 13
19 14
19 15
19 16
19 17
19 18
19 19
19 20
20 4
20 20
21 4
21 20
22 4
22 20
23 4
23 9
23 15
23 20
24 4
24 9
24 15
24 20
25 4
25 5
25 6
25 7
25 8
25 9
25 15
25 16
25 17
25 18
25 19
25 20
26 4
26 5
26 6
26 7
26 8
26 9
26 15
26 16
26 17
26 18
26 19
26 20
27 4
27 5
27 6
27 7
27 8
27 9
27 15
27 16
27 17
27 18
27 19
27 20
28 4
28 5
28 6
28 7
28 8
28 9
28 15
28 16
28 17
28 18
28 19
28 20
29 4
29 5
29 6
29 7
29 8
29 9
29 15
29 16
29 17
29 18
29 19
29 20
30 4
30 5
30 6
30 7
30 8
30 9
30 15
30 16
30 17
30 18
30 19
30 20
22
0 0
0 1
0 11
0 12
0 13
0 24
1 0
1 1
1 11
1 12
1 13
33 0
33 1
33 11
33 12
33 13
34 0
34 1
34 11
34 12
34 13
34 24
48
7 21
7 22
7 23
7 24
8 21
8 22
8 23
8 24
11 0
11 1
11 2
11 3
12 0
12 1
12 2
12 3
13 21
13 22
13 23
13 24
14 21
14 22
14 23
14 24
20 21
20 22
20 23
20 24
21 21
21 22
21 23
21 24
22 0
22 1
22 2
22 3
23 0
23 1
23 2
23 3
26 21
26 22
26 23
26 24
27 21
27 22
27 23
27 24
48
7 0
7 1
7 2
7 3
8 0
8 1
8 2
8 3
11 21
11 22
11 23
11 24
12 21
12 22
12 23
12 24
13 0
13 1
13 2
13 3
14 0
14 1
14 2
14 3
20 0
20 1
20 2
20 3
21 0
21 1
21 2
21 3
22 21
22 22
22 23
22 24
23 21
23 22
23 23
23 24
26 0
26 1
26 2
26 3
27 0
27 1
27 2
27 3
32
9 0
9 1
9 2
9 3
9 21
9 22
9 23
9 24
10 0
10 1
10 2
10 3
10 21
10 22
10 23
10 24
24 0
24 1
24 2
24 3
24 21
24 22
24 23
24 24
25 0
25 1
25 2
25 3
25 21
25 22
25 23
25 24
2
17 23 50
17 1 50
31
16 22 3
18 22 3
15 21 3
19 21 3
15 24 3
19 24 3
18 24 3
16 24 3
15 22 5
19 22 5
15 23 5
19 23 5
16 21 6
18 21 6
17 21 6
17 22 4
16 23 4
18 23 4
16 2 6
18 2 6
17 2 6
16 0 6
18 0 6
15 2 3
19 2 3
15 1 3
19 1 3
15 0 3
19 0 3
16 3 3
18 3 3
6 12
28 12