30 30
900 113
ROTATIONAL
108
0 7
0 22
1 7
1 22
2 7
2 22
3 7
3 11
3 18
3 22
4 7
4 11
4 18
4 22
5 7
5 11
5 18
6 7
6 11
6 18
7 7
7 11
7 18
8 11
8 18
8 22
9 11
9 14
9 15
9 18
9 22
10 11
10 14
10 15
10 18
10 22
11 11
11 14
11 15
11 18
11 22
12 11
12 14
12 15
12 18
12 22
13 7
13 14
13 15
13 22
14 7
14 14
14 15
14 22
15 7
15 14
15 15
15 22
16 7
16 14
16 15
16 22
17 7
17 11
17 14
17 15
17 18
18 7
18 11
18 14
18 15
18 18
19 7
19 11
19 14
19 15
19 18
20 7
20 11
20 14
20 15
20 18
21 7
21 11
21 18
22 11
22 18
22 22
23 11
23 18
23 22
24 11
24 18
24 22
25 7
25 11
25 18
25 22
26 7
26 11
26 18
26 22
27 7
27 22
28 7
28 22
29 7
29 22
72
4 14
4 15
5 14
5 15
7 2
7 3
7 26
7 27
8 2
8 3
8 26
8 27
9 2
9 3
9 26
9 27
10 2
10 3
10 26
10 27
11 2
11 3
11 26
11 27
12 2
12 3
12 26
12 27
13 2
13 3
13 26
13 27
14 2
14 3
14 26
14 27
15 2
15 3
15 26
15 27
16 2
16 3
16 26
16 27
17 2
17 3
17 26
17 27
18 2
18 3
18 26
18 27
19 2
19 3
19 26
19 27
20 2
20 3
20 26
20 27
21 2
21 3
21 26
21 27
22 2
22 3
22 26
22 27
24 14
24 15
25 14
25 15
12
0 29
2 3
3 20
3 25
8 5
14 4
15 25
21 24
26 4
26 9
27 26
29 0
6
0 0
0 23
14 17
15 12
29 6
29 29
2
0 6
29 23
4
7 15 80
22 14 80
2 9 80
27 20 80
32
6 15 3
23 14 3
6 14 3
23 15 3
23 13 3
6 16 3
22 15 6
7 14 6
21 15 6
8 14 6
22 13 6
7 16 6
21 13 6
8 16 6
21 14 4
8 15 4
4 8 3
25 21 3
4 10 3
25 19 3
0 10 3
29 19 3
0 8 3
29 21 3
3 8 4
26 21 4
1 8 4
28 21 4
1 10 4
28 19 4
3 10 4
26 19 4
7 29
22 0