24 24
697 368
ROTATIONAL
0
46
0 0
0 1
0 2
0 3
0 17
0 18
0 19
0 20
0 21
0 22
0 23
1 0
1 1
1 2
1 23
2 0
2 1
2 23
3 0
3 23
4 23
5 23
6 23
17 0
18 0
19 0
20 0
20 23
21 0
21 22
21 23
22 0
22 21
22 22
22 23
23 0
23 1
23 2
23 3
23 4
23 5
23 6
23 20
23 21
23 22
23 23
10
2 11
4 13
5 10
8 2
10 12
13 11
15 21
18 13
19 10
21 12
10
3 5
6 6
6 9
10 4
11 14
12 9
13 19
17 14
17 17
20 18
12
1 10
6 4
8 16
9 13
11 16
11 20
12 3
12 7
14 10
15 7
17 19
22 13
10
2 8 50
21 15 50
6 2 50
17 21 50
16 9 50
7 14 50
9 9 50
14 14 50
13 17 50
10 6 50
38
4 9 3
19 14 3
5 12 3
18 11 3
10 7 3
13 16 3
15 11 3
8 12 3
18 19 3
5 4 3
14 20 3
9 3 3
4 1 4
19 22 4
1 7 4
22 16 4
12 5 4
11 18 4
10 10 4
13 13 4
19 16 4
4 7 4
16 23 5
7 0 5
7 11 5
16 12 5
7 7 8
16 16 8
22 17 8
1 6 8
4 3 6
19 20 6
3 6 6
20 17 6
15 13 6
8 10 6
10 8 6
13 15 6
20 3
3 20