49 21
581 299
HORIZONTAL
588
0 0
0 1
0 2
0 3
0 4
0 5
0 15
0 16
0 17
0 18
0 19
0 20
1 0
1 1
1 2
1 3
1 4
1 5
1 15
1 16
1 17
1 18
1 19
1 20
2 0
2 1
2 2
2 3
2 4
2 5
2 15
2 16
2 17
2 18
2 19
2 20
3 0
3 1
3 2
3 3
3 4
3 5
3 15
3 16
3 17
3 18
3 19
3 20
4 0
4 1
4 2
4 3
4 4
4 5
4 15
4 16
4 17
4 18
4 19
4 20
5 0
5 1
5 2
5 3
5 4
5 5
5 15
5 16
5 17
5 18
5 19
5 20
6 0
6 1
6 2
6 3
6 4
6 5
6 15
6 16
6 17
6 18
6 19
6 20
7 0
7 1
7 2
7 3
7 4
7 5
7 15
7 16
7 17
7 18
7 19
7 20
8 0
8 1
8 2
8 3
8 4
8 5
8 15
8 16
8 17
8 18
8 19
8 20
9 0
9 1
9 2
9 3
9 4
9 5
9 15
9 16
9 17
9 18
9 19
9 20
10 0
10 1
10 2
10 3
10 4
10 5
10 15
10 16
10 17
10 18
10 19
10 20
11 0
11 1
11 2
11 3
11 4
11 5
11 15
11 16
11 17
11 18
11 19
11 20
12 0
12 1
12 2
12 3
12 4
12 5
12 15
12 16
12 17
12 18
12 19
12 20
13 0
13 1
13 2
13 3
13 4
13 5
13 15
13 16
13 17
13 18
13 19
13 20
14 0
14 1
14 2
14 3
14 4
14 5
14 15
14 16
14 17
14 18
14 19
14 20
15 0
15 1
15 2
15 3
15 4
15 5
15 15
15 16
15 17
15 18
15 19
15 20
16 0
16 1
16 2
16 3
16 4
16 5
16 15
16 16
16 17
16 18
16 19
16 20
17 0
17 1
17 2
17 3
17 4
17 5
17 15
17 16
17 17
17 18
17 19
17 20
18 0
18 1
18 2
18 3
18 4
18 5
18 15
18 16
18 17
18 18
18 19
18 20
19 0
19 1
19 2
19 3
19 4
19 5
19 15
19 16
19 17
19 18
19 19
19 20
20 0
20 1
20 2
20 3
20 4
20 5
20 15
20 16
20 17
20 18
20 19
20 20
21 0
21 1
21 2
21 3
21 4
21 5
21 15
21 16
21 17
21 18
21 19
21 20
22 0
22 1
22 2
22 3
22 4
22 5
22 15
22 16
22 17
22 18
22 19
22 20
23 0
23 1
23 2
23 3
23 4
23 5
23 15
23 16
23 17
23 18
23 19
23 20
24 0
24 1
24 2
24 3
24 4
24 5
24 15
24 16
24 17
24 18
24 19
24 20
25 0
25 1
25 2
25 3
25 4
25 5
25 15
25 16
25 17
25 18
25 19
25 20
26 0
26 1
26 2
26 3
26 4
26 5
26 15
26 16
26 17
26 18
26 19
26 20
27 0
27 1
27 2
27 3
27 4
27 5
27 15
27 16
27 17
27 18
27 19
27 20
28 0
28 1
28 2
28 3
28 4
28 5
28 15
28 16
28 17
28 18
28 19
28 20
29 0
29 1
29 2
29 3
29 4
29 5
29 15
29 16
29 17
29 18
29 19
29 20
30 0
30 1
30 2
30 3
30 4
30 5
30 15
30 16
30 17
30 18
30 19
30 20
31 0
31 1
31 2
31 3
31 4
31 5
31 15
31 16
31 17
31 18
31 19
31 20
32 0
32 1
32 2
32 3
32 4
32 5
32 15
32 16
32 17
32 18
32 19
32 20
33 0
33 1
33 2
33 3
33 4
33 5
33 15
33 16
33 17
33 18
33 19
33 20
34 0
34 1
34 2
34 3
34 4
34 5
34 15
34 16
34 17
34 18
34 19
34 20
35 0
35 1
35 2
35 3
35 4
35 5
35 15
35 16
35 17
35 18
35 19
35 20
36 0
36 1
36 2
36 3
36 4
36 5
36 15
36 16
36 17
36 18
36 19
36 20
37 0
37 1
37 2
37 3
37 4
37 5
37 15
37 16
37 17
37 18
37 19
37 20
38 0
38 1
38 2
38 3
38 4
38 5
38 15
38 16
38 17
38 18
38 19
38 20
39 0
39 1
39 2
39 3
39 4
39 5
39 15
39 16
39 17
39 18
39 19
39 20
40 0
40 1
40 2
40 3
40 4
40 5
40 15
40 16
40 17
40 18
40 19
40 20
41 0
41 1
41 2
41 3
41 4
41 5
41 15
41 16
41 17
41 18
41 19
41 20
42 0
42 1
42 2
42 3
42 4
42 5
42 15
42 16
42 17
42 18
42 19
42 20
43 0
43 1
43 2
43 3
43 4
43 5
43 15
43 16
43 17
43 18
43 19
43 20
44 0
44 1
44 2
44 3
44 4
44 5
44 15
44 16
44 17
44 18
44 19
44 20
45 0
45 1
45 2
45 3
45 4
45 5
45 15
45 16
45 17
45 18
45 19
45 20
46 0
46 1
46 2
46 3
46 4
46 5
46 15
46 16
46 17
46 18
46 19
46 20
47 0
47 1
47 2
47 3
47 4
47 5
47 15
47 16
47 17
47 18
47 19
47 20
48 0
48 1
48 2
48 3
48 4
48 5
48 15
48 16
48 17
48 18
48 19
48 20
0
24
0 7
0 13
2 8
2 12
3 10
5 9
5 11
6 10
7 9
7 11
15 8
15 12
33 8
33 12
41 9
41 11
42 10
43 9
43 11
45 10
46 8
46 12
48 7
48 13
28
1 6
1 14
3 6
3 14
6 7
6 8
6 12
6 13
10 7
10 11
18 7
18 11
21 12
21 14
27 12
27 14
30 7
30 11
38 7
38 11
42 7
42 8
42 12
42 13
45 6
45 14
47 6
47 14
24
1 9
1 11
2 7
2 13
4 8
4 12
5 6
5 14
8 6
8 14
12 9
12 11
36 9
36 11
40 6
40 14
43 6
43 14
44 8
44 12
46 7
46 13
47 9
47 11
10
24 6 50
24 14 50
18 6 50
30 6 50
18 14 50
30 14 50
12 6 50
36 6 50
12 14 50
36 14 50
129
10 6 3
38 6 3
9 7 3
39 7 3
9 9 3
39 9 3
9 11 3
39 11 3
9 13 3
39 13 3
10 14 3
38 14 3
10 12 3
38 12 3
10 10 3
38 10 3
10 8 3
38 8 3
11 7 3
37 7 3
11 9 3
37 9 3
11 11 3
37 11 3
11 13 3
37 13 3
12 12 3
36 12 3
12 10 3
36 10 3
12 8 3
36 8 3
13 7 3
35 7 3
13 9 3
35 9 3
13 11 3
35 11 3
13 13 3
35 13 3
14 14 3
34 14 3
14 12 3
34 12 3
14 10 3
34 10 3
14 8 3
34 8 3
14 6 3
34 6 3
15 7 3
33 7 3
15 9 3
33 9 3
15 11 3
33 11 3
15 13 3
33 13 3
16 14 3
32 14 3
16 12 3
32 12 3
16 10 3
32 10 3
16 8 3
32 8 3
16 6 3
32 6 3
17 7 3
31 7 3
17 9 3
31 9 3
17 11 3
31 11 3
17 13 3
31 13 3
18 12 3
30 12 3
18 10 3
30 10 3
18 8 3
30 8 3
19 7 3
29 7 3
19 9 3
29 9 3
19 11 3
29 11 3
19 13 3
29 13 3
20 14 3
28 14 3
20 12 3
28 12 3
20 10 3
28 10 3
20 6 3
28 6 3
20 8 3
28 8 3
21 7 3
27 7 3
21 9 3
27 9 3
21 11 3
27 11 3
21 13 3
27 13 3
22 14 3
26 14 3
22 12 3
26 12 3
22 8 3
26 8 3
22 6 3
26 6 3
23 7 3
25 7 3
23 9 3
25 9 3
23 11 3
25 11 3
23 13 3
25 13 3
24 12 3
24 10 3
24 8 3
22 10 3
26 10 3
48 10
0 10