29 21
412 664
ROTATIONAL
84
3 3
3 4
3 5
3 6
3 9
3 10
3 11
3 12
3 15
3 16
3 17
3 18
4 3
4 6
4 9
4 12
4 15
4 18
5 3
5 9
5 15
6 3
6 9
6 15
7 3
7 4
7 5
7 6
7 7
7 8
7 9
7 10
7 11
7 12
7 13
7 14
7 15
7 16
7 17
7 18
7 19
7 20
21 0
21 1
21 2
21 3
21 4
21 5
21 6
21 7
21 8
21 9
21 10
21 11
21 12
21 13
21 14
21 15
21 16
21 17
22 5
22 11
22 17
23 5
23 11
23 17
24 2
24 5
24 8
24 11
24 14
24 17
25 2
25 3
25 4
25 5
25 8
25 9
25 10
25 11
25 14
25 15
25 16
25 17
27
13 6
13 7
13 8
13 9
13 10
13 11
13 12
13 13
13 14
14 6
14 7
14 8
14 9
14 10
14 11
14 12
14 13
14 14
15 6
15 7
15 8
15 9
15 10
15 11
15 12
15 13
15 14
12
4 4
4 5
5 4
5 5
6 4
6 5
22 15
22 16
23 15
23 16
24 15
24 16
12
4 10
4 11
5 10
5 11
6 10
6 11
22 9
22 10
23 9
23 10
24 9
24 10
12
4 16
4 17
5 16
5 17
6 16
6 17
22 3
22 4
23 3
23 4
24 3
24 4
2
14 20 100
14 0 100
12
13 20 3
15 0 3
14 19 3
14 1 3
15 20 3
13 0 3
13 18 3
15 2 3
15 18 3
13 2 3
14 3 8
14 17 8
0 20
28 0