23 23
610 822
ROTATIONAL
81
4 4
4 5
4 17
4 18
5 4
5 5
5 6
5 16
5 17
5 18
6 5
6 6
6 7
6 15
6 16
6 17
7 6
7 7
7 8
7 14
7 15
7 16
8 7
8 8
8 9
8 13
8 14
8 15
9 8
9 9
9 10
9 12
9 13
9 14
10 9
10 10
10 11
10 12
10 13
11 10
11 11
11 12
12 9
12 10
12 11
12 12
12 13
13 8
13 9
13 10
13 12
13 13
13 14
14 7
14 8
14 9
14 13
14 14
14 15
15 6
15 7
15 8
15 14
15 15
15 16
16 5
16 6
16 7
16 15
16 16
16 17
17 4
17 5
17 6
17 16
17 17
17 18
18 4
18 5
18 17
18 18
0
18
3 3
3 4
3 5
3 6
4 3
4 6
5 3
6 3
6 4
16 18
16 19
17 19
18 16
18 19
19 16
19 17
19 18
19 19
18
3 16
3 17
3 18
3 19
4 16
4 19
5 19
6 18
6 19
16 3
16 4
17 3
18 3
18 6
19 3
19 4
19 5
19 6
8
10 8
10 14
11 8
11 9
11 13
11 14
12 8
12 14
2
2 11 100
20 11 100
48
1 10 2
21 12 2
2 10 2
20 12 2
3 10 2
19 12 2
3 11 2
19 11 2
3 12 2
19 10 2
2 12 2
20 10 2
1 12 2
21 10 2
1 11 2
21 11 2
4 9 2
18 13 2
4 13 2
18 9 2
0 13 2
22 9 2
0 9 2
22 13 2
1 9 3
21 13 3
2 9 3
20 13 3
3 9 3
19 13 3
4 10 3
18 12 3
4 11 3
18 11 3
4 12 3
18 10 3
3 13 3
19 9 3
2 13 3
20 9 3
1 13 3
21 9 3
0 12 3
22 10 3
0 11 3
22 11 3
0 10 3
22 12 3
11 5
11 17