23 23
356 105
ROTATIONAL
86
0 4
0 14
1 4
1 14
2 4
2 14
3 4
3 14
4 4
4 8
4 9
4 10
4 11
4 14
5 4
5 8
5 11
5 14
6 4
6 8
6 11
6 14
6 18
7 4
7 8
7 11
7 14
7 18
8 4
8 8
8 11
8 14
8 18
9 4
9 8
9 14
9 18
10 4
10 8
10 14
10 18
11 4
11 8
11 14
11 18
12 4
12 8
12 14
12 18
13 4
13 8
13 14
13 18
14 4
14 8
14 11
14 14
14 18
15 4
15 8
15 11
15 14
15 18
16 4
16 8
16 11
16 14
16 18
17 8
17 11
17 14
17 18
18 8
18 11
18 12
18 13
18 14
18 18
19 8
19 18
20 8
20 18
21 8
21 18
22 8
22 18
40
5 2
6 1
6 19
6 20
7 2
7 9
7 10
7 19
7 20
8 1
8 9
8 10
8 19
8 20
9 2
9 19
9 20
10 1
10 21
11 2
11 20
12 1
12 21
13 2
13 3
13 20
14 2
14 3
14 12
14 13
14 21
15 2
15 3
15 12
15 13
15 20
16 2
16 3
16 21
17 20
6
0 16
1 16
2 16
20 6
21 6
22 6
6
3 16
4 16
5 16
17 6
18 6
19 6
6
6 16
7 16
8 16
14 6
15 6
16 6
2
5 10 50
17 12 50
6
6 10 4
16 12 4
6 9 4
16 13 4
5 9 4
17 13 4
2 1
20 21